902 36317841 8 254  1 12644675 116.35976 39.8536
903 35415213 1 334 80 1 70764208 116.28622 40.15213
904 40697112 1 307 80 1 60885761 116.32412 39.85087
905 36266823 2 90  1 1458100 116.27791 40.1688
906 62314951 2 90  1 41575584 116.331 39.76678
907 36317842 22 180  1 465052 116.32113 39.89108
908 47004277 1 262 60 1 85662118 116.68683 40.76338
909 35415214 1 254 70 1 1292799 116.28242 40.15245
910 36458966 1 358 50 1 31909244 116.26518 40.03189
911 36317843 7 340  1 506999 116.27541 39.88294
912 62016179 2 325  1 797422 116.6188 39.94285
913 32993740 1 261 60 1 50123557 115.99009 40.47364
914 31162375 1 231 70 1 54463146 117.16423 40.69889
915 62314952 1 189 40 1 61646440 116.34811 39.78961
916 35415215 1 74 70 1 1292786 116.28243 40.15228
917 30854065 1 350 50 1 85709148 116.79143 40.06633
918 31162376 1 265 40 1 87704942 117.32176 40.39649
919 36327236 2 44  1 50040440 116.73002 40.204
920 62016180 2 269  1 41862923 116.59037 39.93218
921 47004278 1 83 50 1 85662117 116.68683 40.76338
922 35415216 1 255 80 1 1289711 116.28015 40.16066
923 46935291 1 178 70 1 85548298 116.11909 40.20508
924 31162377 1 85 40 1 87704942 117.32176 40.3965
925 62314953 2 91  1 41575515 116.37454 39.78278
926 32993741 1 81 60 1 50123555 115.99007 40.47355
927 47004281 1 99 30 1 85662134 116.80386 40.80053
928 36458967 1 175 50 1 31909255 116.26496 40.03411
929 32993647 8 286  1 60885277 116.65845 39.89028
930 62016181 2 354  1 30050005 116.58975 39.93182
931 40697119 1 0 80 1 15086846 116.28367 39.84901
932 62357455 2 94  1 88052476 116.33644 39.79041
933 36327237 2 208  1 61078497 116.85213 40.38387
934 36458968 6 175  1 31909255 116.26496 40.03411
935 31166065 1 275 60 1 17230876 116.57883 40.06147
936 32993744 1 255 60 1 50123527 115.98549 40.46257
937 62314954 2 358  1 41575510 116.37479 39.78517
938 62016182 2 177  1 198277 116.40928 39.70201
939 31166067 1 141 60 1 752812 116.59154 40.05505
940 35415217 1 338 80 1 70764249 116.27862 40.14946
941 62314955 2 180  1 60885998 116.31379 39.79421
942 36327238 2 190  1 40385608 116.64186 40.28942
943 36458969 1 356 50 1 31909254 116.26508 40.0341
944 32993745 1 75 60 1 50123522 115.98551 40.4625
945 31166070 1 261 40 1 752519 116.60414 40.04601
946 47004282 1 279 30 1 85662134 116.8038 40.80054
947 62016183 2 90  1 86879106 116.40914 39.70164
948 34637209 1 319 100 1 9000000005975 116.50976 39.98877
949 35415218 22 74  1 1295888 116.27587 40.1504
950 36458970 6 356  1 31909254 116.26508 40.03409
951 40697121 1 181 80 1 12644720 116.34576 39.84169
952 31166071 1 81 40 1 752519 116.60414 40.04601
953 36354276 2 92  1 18758714 116.33479 39.76325
954 36327239 2 192  1 9000000083011 116.73026 40.20461
955 36458971 2 351  1 62101563 116.4511 39.80605
956 62314957 2 270  1 41575575 116.31108 39.76672
957 40697122 1 76 80 1 12644722 116.29829 39.88027
958 31166075 1 349 40 1 87913791 116.61311 40.04291
959 47004283 1 321 30 1 17374623 116.602 40.58709
960 30469109 1 194 70 1 14531795 116.3248 39.56295
961 35415219 22 256  1 49998417 116.27352 40.14988
962 32993746 1 337 60 1 42572393 115.97943 40.45586
963 35415220 22 76  1 39376062 116.2684 40.14844
964 31166076 1 169 40 1 87913791 116.61311 40.04291
965 40697123 1 353 80 1 60885736 116.31188 39.87386
966 62016185 2 171  1 30416040 116.41444 39.6654
967 35415221 1 257 70 1 39669508 116.26686 40.16241
968 62314958 2 273  1 326639 116.32306 39.75294
969 47051089 8 270  1 9000000108796 116.24363 39.90749
970 31166077 1 340 70 1 17230943 116.63986 40.04536
971 62255049 2 200  1 19362207 116.50744 39.78537
972 46974107 1 158 60 1 18758828 116.47637 39.83119
973 32993747 1 157 60 1 16524694 115.97935 40.45582
974 61000094 18 44  1 14753115 116.2901 39.97952
975 62016186 2 180  1 60394786 116.3853 39.63949
976 35415222 1 77 70 1 39669510 116.26681 40.16231
977 31166078 1 339 70 1 28016582 116.63342 40.06302
978 40697125 1 86 80 1 12644727 116.30476 39.86682
979 36327243 2 216  1 70620567 116.81842 40.383
980 35415223 22 255  1 1288230 116.26454 40.15149
981 31166079 1 159 70 1 28016580 116.63331 40.06302
982 36327244 2 6  1 61078209 116.75253 40.35787
983 62314960 2 2  1 41629466 116.37093 39.78261
984 62016187 2 354  1 55061130 116.38212 39.67084
985 32993748 1 213 50 1 20165577 115.96863 40.45382
986 47051092 1 83 40 1 88044094 116.21254 39.91069
987 36466597 2 179  1 85961865 116.51725 39.93818
988 31166083 1 90 70 1 513392 116.267 39.90739
989 62254911 2 282  1 19368170 116.48978 39.79634
990 35415224 22 76  1 70764297 116.26304 40.15097
991 40697126 1 265 80 1 12644729 116.30478 39.86695
992 62016188 2 88  1 235485 116.40243 39.61627
993 62314961 2 86  1 40385880 116.37055 39.78019
994 36327245 2 8  1 281060 116.70405 40.32784
995 31166086 1 90 70 1 592201 116.15405 40.0682
996 62314296 2 181  1 40425586 116.31971 39.66676
997 62357421 2 262  1 270296 116.79184 39.59293
998 36466598 2 180  1 14226294 116.51723 39.93153
999 35415229 22 351  3 40428814 116.35185 39.94192
1000 40697128 1 0 80 1 12644733 116.35661 39.90736
1001 36327761 1 204 50 1 393028 115.60695 39.69755
1002 46800172 1 180 30 1 87728945 116.44505 39.86334
1003 30472181 1 73 50 1 403156 116.35968 39.9446
1004 47051093 1 264 40 1 88044095 116.21254 39.91069
1005 62314962 2 270  1 16589519 116.37495 39.78542
1006 32993749 1 34 50 1 20165569 115.96873 40.45377
1007 35415230 22 262  1 361770 116.35408 39.94063
1008 31166181 1 27 60 1 54894835 116.79857 40.29236
1009 40697129 1 180 80 1 12644736 116.35645 39.90703
1010 36466599 2 183  1 16683022 116.58152 39.99004
1011 62016189 1 153 70 1 61200661 116.46354 39.72556
1012 36327246 2 90  1 343061 116.81436 40.35692
1013 47051094 1 270 70 1 88044096 116.22964 39.90749
1014 32924672 1 188 60 1 20258096 116.02035 40.51022
1015 32993750 1 11 40 1 609754 115.96653 40.45544
1016 40697131 1 0 80 1 12644737 116.34601 39.83672
1017 35415239 1 164 40 1 18805207 117.04284 39.90222
1018 36466600 2 317  1 30415565 116.62608 39.96019
1019 40697134 1 261 80 1 493713 116.36046 39.86864
1020 47051095 1 91 40 1 88044098 116.22963 39.90734
1021 31166182 1 207 50 1 54894835 116.79857 40.29236
1022 36466601 2 0  1 29880288 116.51735 39.93443
1023 34535506 1 200 50 1 387840 117.15084 40.56399
1024 35415241 1 19 70 1 218213 117.0737 39.87083
1025 31166183 1 25 60 1 430506 116.82119 40.32359
1026 36466602 2 345  1 807110 116.5719 39.97287
1027 40697135 1 180 80 1 12644742 116.34866 39.88918
1028 36327248 2 325  1 61078392 116.85379 40.36606
1029 32993751 1 191 40 1 609754 115.96653 40.45543
1030 62016190 2 173  1 30396863 116.58958 39.93239
1031 31166184 1 205 60 1 430506 116.82119 40.32359
1032 40698160 1 275 70 1 12962856 116.33205 39.9384
1033 47051096 1 270 70 1 86012838 116.20015 39.90749
1034 36466603 2 12  1 800791 116.58186 39.98898
1035 36327249 2 328  1 14641016 116.80563 40.359
1036 47051097 1 90 40 1 88044107 116.20016 39.90735
1037 36418196 1 176 70 1 41820777 116.35386 39.97937
1038 31166185 1 60 30 1 30220311 116.77615 40.32379
1039 32993752 1 268 50 1 606592 115.96573 40.4559
1040 62314964 2 0  1 41719728 116.31396 39.79394
1041 35415243 1 199 50 1 218213 117.074 39.87168
1042 62016191 2 359  1 55123331 116.5829 39.92812
1043 36466604 2 0  1 29880284 116.51736 39.93773
1044 40697137 1 84 80 1 12644746 116.37456 39.85701
1045 36362095 2 270  1 19363725 116.55696 39.96548
1046 62314965 2 0  1 18815139 116.30834 39.77838
1047 32993753 1 88 50 1 606592 115.96574 40.4559
1048 36327252 2 0  1 17307943 116.6842 40.34752
1049 35415244 1 235 20 1 86845540 116.8452 39.85988
1050 31166187 1 238 40 1 422789 116.76961 40.32619
1051 36466606 2 164  1 795565 116.56974 39.98854
1052 40697140 1 8 80 1 12644752 116.27434 39.91339
1053 31166188 1 58 50 1 422789 116.76962 40.3262
1054 36327253 2 166  1 338101 116.75158 40.34492
1055 35415245 22 293  1 18060204 116.60084 39.6831
1056 40583232 1 174 120 1 12530956 116.34184 39.76915
1057 62016299 1 270 40 1 805328 116.59235 40.14383
1058 31167257 1 94 50 1 26206886 115.84662 39.52781
1059 62314966 2 181  1 61207536 116.33509 39.76726
1060 31166189 1 314 80 1 70620423 116.75848 40.335
1061 36466607 2 87  1 14226181 116.58336 39.99395
1062 36327254 2 31  1 60921656 116.58921 40.28745
1063 32993754 1 80 40 1 85731779 115.96493 40.45794
1064 40697141 1 180 80 1 502749 116.2739 39.89359
1065 31166190 1 134 80 1 70620425 116.75836 40.33495
1066 62314967 2 92  1 40385882 116.37461 39.78045
1067 47051099 1 179 60 1 88044118 116.25718 40.00061
1068 35415246 22 112  1 18712249 116.59908 39.68373
1069 36466608 2 267  1 802065 116.55365 39.92393
1070 36730430 1 170 50 1 381413 116.0866 39.6974
1071 62016300 2 354  1 70565079 116.41274 40.10339
1072 32993755 1 260 40 1 85731779 115.96493 40.45794
1073 62314969 2 95  1 19615538 116.329 39.78251
1074 36466610 2 345  1 811351 116.56994 39.98781
1075 40697142 1 0 80 1 12644753 116.34601 39.83882
1076 36327255 22 78  1 298711 116.64134 40.30901
1077 60988113 8 52  1 630495 116.4223 39.90295
1078 31166191 1 270 40 1 312344 116.84464 40.38372
1079 47051100 1 320 70 1 88044131 116.27389 40.00424
1080 35415247 22 291  1 329931 116.59725 39.68455
1081 36466611 2 180  1 29880279 116.51724 39.93514
1082 62016301 2 180  1 27943147 116.62935 40.11499
1083 36327256 2 344  1 386041 116.57837 40.26422
1084 32993756 1 262 40 1 598648 115.96534 40.45096
1085 31166192 1 90 40 1 312344 116.84464 40.38372
1086 40697143 1 64 80 1 12644755 116.27115 39.87176
1087 47051101 1 142 60 1 88044129 116.27372 40.00422
1088 36466612 2 350  1 794173 116.53015 39.95845
1089 62314970 2 270  1 17735188 116.25838 39.76974
1090 35415248 22 101  1 329921 116.59555 39.68483
1091 62016302 2 95  1 41867135 116.14092 40.09941
1092 36466613 2 352  1 42259165 116.57091 39.97643
1093 32993757 1 82 40 1 598648 115.96535 40.45096
1094 62314971 1 171 60 2 71114294 116.30803 39.77961
1095 60972164 22 91  1 276551 116.62896 40.32745
1096 47055089 1 293 60 1 88049112 116.14808 39.93887
1097 35364239 1 54 50 1 49854970 116.5326 40.24262
1098 35415249 22 277  1 329913 116.59464 39.68506
1099 36327257 2 233  1 16739814 116.60065 40.29511
1100 40697144 1 181 80 1 12644758 116.31023 39.88992
1101 47055090 1 112 60 1 88049114 116.14802 39.9388
1102 46956120 1 84 70 1 87824548 116.65279 39.90743
1103 36327258 1 256 50 1 86383731 117.02617 40.2312
1104 32993759 1 347 80 1 50123284 115.98588 40.43958
1105 36327425 2 174  1 320306 116.45586 39.8102
1106 31166194 1 103 50 1 329105 116.84595 40.40191
1107 62314972 6 173  1 308033 116.34166 39.76917
1108 40697145 1 148 80 1 12644760 116.28139 39.86914
1109 62016303 2 154  1 61017527 116.28348 40.15691
1110 40698164 1 176 80 1 19571025 116.35599 39.92852
1111 36276384 2 118  1 682455 116.39585 39.94027
1112 61087073 23 357  1 505794 116.35408 39.87091
1113 36466618 2 275  1 60395023 116.56502 39.94123
1114 31166197 1 280 70 1 18815254 116.36466 39.74153
1115 40697146 1 177 80 1 12644762 116.34879 39.88227
1116 36327259 1 252 50 1 70620367 116.75129 40.21142
1117 32993760 1 167 80 1 50123288 115.98577 40.43958
1118 47055091 1 0 70 1 88049125 116.19135 39.94303
1119 62314973 2 269  1 41575507 116.37119 39.78541
1120 35415251 1 270 50 1 26166837 116.56851 39.69376
1121 62016304 2 267  1 70207496 116.35405 40.09935
1122 31166198 1 100 70 1 18713085 116.36463 39.74132
1123 32941654 1 179 60 1 358072 116.36978 39.97859
1124 40583233 20 172 120 1 12530958 116.34326 39.75943
1125 32993761 1 199 50 1 50040794 115.95425 40.4276
1126 36466620 23 270  1 15827886 116.53698 39.94151
1127 40697148 1 269 80 1 49065408 116.33917 39.849
1128 47055092 1 180 70 1 88049126 116.19124 39.94303
1129 62360119 2 250  1 16460764 116.07007 39.93371
1130 62314976 2 177  1 60886000 116.31312 39.8104
1131 35415252 1 90 50 1 26166837 116.56849 39.69376
1132 31166199 1 145 60 1 71372264 116.31136 39.74565
1133 32993762 1 342 40 1 592555 115.9901 40.45767
1134 36466621 23 90  1 87708199 116.53696 39.94138
1135 35415253 1 0 50 1 18712346 116.55986 39.696
1136 36327260 2 90  1 61078455 116.82619 40.37511
1137 47055093 8 306  1 88049150 116.24978 39.93677
1138 62314977 2 87  1 41575559 116.31359 39.75137
1139 40697149 1 180 80 1 41630006 116.31021 39.90237
1140 36580382 2 167  1 50056847 116.15557 40.09258
1141 36466622 2 88  1 19633611 116.55347 39.92382
1142 31166202 1 358 40 1 376539 116.3451 39.74392
1143 62016306 2 168  1 71369295 116.80263 40.20699
1144 36327261 2 6  1 563639 116.72342 40.18212
1145 32943630 8 354  1 39862547 116.37502 40.01114
1146 35415254 1 180 50 1 18712346 116.55986 39.69603
1147 62314978 2 355  1 62338550 116.31409 39.75118
1148 36327262 15 27  1 54894835 116.79863 40.29247
1149 36466623 2 163  1 811357 116.57182 39.97316
1150 32993763 1 162 40 1 592555 115.9901 40.45767
1151 47055094 8 126  1 39862408 116.24961 39.9366
1152 62016307 22 159  1 85518686 116.67766 40.41946
1153 35411262 23 270  1 13208392 116.40519 39.94923
1154 36466624 2 149  1 40601436 116.6131 39.98431
1155 34580339 1 318 50 1 303086 115.96168 39.76102
1156 31166204 1 86 60 1 401900 116.34761 39.74259
1157 40697151 1 179 80 1 12644768 116.27389 39.89
1158 36327263 2 90  1 61078495 116.85454 40.38866
1159 47055097 1 137 70 1 88049176 116.24135 39.95042
1160 36466625 2 185  1 88640094 116.57088 39.97703
1161 36290656 2 268  1 61200884 116.22724 40.22035
1162 62016309 2 347  1 71369292 116.8027 40.20666
1163 32993765 6 231  1 85708859 115.97313 40.41168
1164 36467962 2 71  1 17654958 116.92546 40.16815
1165 36327264 2 190  1 22644498 116.75343 40.36678
1166 40697152 1 0 80 1 15086804 116.27411 39.89359
1167 62314981 2 180  1 61646444 116.34814 39.79094
1168 31166205 1 195 70 1 9000000111682 116.34474 39.72129
1169 35415256 6 243  1 87580468 116.07985 39.93958
1170 47055098 1 283 60 1 88049185 116.23738 39.92991
1171 46800301 1 235 60 1 88454758 115.74462 39.58685
1172 46882305 1 24 70 1 85708653 116.67048 40.16085
1173 36467963 2 170  1 567910 116.15703 40.1721
1174 60988151 22 1  1 296227 116.21154 39.90791
1175 36327265 1 251 120 1 88703003 116.56635 40.25698
1176 40697153 1 6 80 1 499633 116.35666 39.9106
1177 32993766 6 50  1 85708858 115.97315 40.4116
1178 62016310 2 157  1 1354389 116.28153 40.16149
1179 35415257 6 67  1 16570451 116.07989 39.93947
1180 30189034 1 4 50 1 631877 116.46125 39.86916
1181 62314982 2 1  1 41575504 116.37098 39.78503
1182 36327266 2 187  1 563636 116.72345 40.1824
1183 62016311 1 90 40 1 805328 116.59236 40.14383
1184 40697154 1 181 80 1 12644771 116.34571 39.83669
1185 32993767 1 232 80 1 85708866 115.97412 40.41253
1186 36467965 2 125  1 15358302 116.95238 40.17205
1187 60944167 1 262 30 1 58252703 116.55891 39.76681
1188 47055100 1 85 70 1 88049190 116.2203 39.9185
1189 36327267 2 266  1 15266089 116.72344 40.18229
1190 30442093 1 270 50 1 14095209 116.3813 39.96837
1191 62314983 2 89  1 41575508 116.37438 39.78542
1192 36236139 2 175  1 18629879 116.05791 39.50074
1193 40697156 1 270 80 1 496665 116.29813 39.88037
1194 35415258 8 270  1 14190345 116.35309 39.93245
1195 30929178 1 269 50 1 42144156 116.85921 39.71161
1196 47055101 1 70 60 1 88049194 116.213 39.91695
1197 32993768 1 299 50 1 361381 115.95383 40.37447
1198 30442095 1 271 60 1 592726 116.45852 39.9338
1199 46800176 1 238 60 1 87728956 116.44283 39.87095
1200 36327268 1 72 50 1 70620367 116.75129 40.21142
1201 31166208 1 341 50 1 14770264 117.04982 40.05512
1202 36467967 2 275  1 41171790 116.87886 40.17084
1203 62016313 2 6  1 783214 116.62886 40.13331
1204 35415259 23 177  1 666044 116.39102 39.92178
1205 62314984 2 83  1 19355378 116.35822 39.79302
1206 40697158 1 270 50 1 12644777 116.34841 39.86816
1207 36467968 2 183  1 41171784 116.90767 40.16791
1208 36327269 2 271  1 61078492 116.85508 40.38874
1209 30442096 1 90 70 1 669381 116.45851 39.93366
1210 32993770 1 9 60 1 16442813 115.95343 40.37454
1211 47055102 1 245 60 1 88049193 116.21298 39.91705
1212 31166209 1 161 50 1 14770264 117.04982 40.05512
1213 35415260 23 357  1 666044 116.39102 39.92177
1214 36327270 2 90  1 61078482 116.85774 40.38865
1215 62016314 2 270  1 87906491 116.25745 40.1213
1216 36467969 2 343  1 84970218 116.18476 40.1675
1217 40697159 1 273 70 1 458868 116.3492 39.89785
1218 62314985 2 186  1 71114298 116.3078 39.77095
1219 47055103 1 270 70 1 88049253 116.22747 39.97314
1220 30442098 1 302 50 1 87757559 116.44966 39.96122
1221 35415261 22 87  1 666066 116.39698 39.92331
1222 36327271 2 256  1 17637154 116.65248 40.37866
1223 32993772 1 34 60 1 368383 115.95329 40.37453
1224 47055104 1 89 70 1 88049254 116.22746 39.97307
1225 62016315 2 348  1 15827765 116.15819 40.08219
1226 40697160 1 267 80 1 461997 116.34572 39.89788
1227 36327272 1 76 50 1 86383731 117.02617 40.2312
1228 36467971 2 122  1 575201 116.17132 40.16857
1229 31166212 1 271 50 1 54289079 117.09904 40.07804
1230 62314986 2 273  1 86033215 116.33464 39.78231
1231 32993773 1 207 50 1 41519826 115.95286 40.37414
1232 62016316 2 332  1 70764215 116.28414 40.15621
1233 35415262 23 352  1 684407 116.40257 39.92321
1234 36284410 2 180  1 299423 116.645 40.31364
1235 36467972 2 270  1 575211 116.15719 40.17196
1236 36327273 2 180  1 70617881 116.68411 40.34791
1237 46956122 1 283 60 1 87948445 116.68553 39.87241
1238 62016317 2 176  1 39750285 116.81924 40.17068
1239 46935298 1 210 80 1 85548436 116.22592 40.26136
1240 36467973 2 90  1 39643061 116.15695 40.17196
1241 30442105 1 288 50 1 664622 116.43689 39.96935
1242 35415263 23 172  1 684407 116.40257 39.92321
1243 40697162 1 6 80 1 12644781 116.3489 39.86974
1244 36467974 2 82  1 61017440 116.29682 40.02439
1245 47055106 1 93 70 1 88049260 116.22306 39.95489
1246 32993758 1 166 60 1 598591 115.98389 40.44688
1247 36327406 5 271  1 39047159 116.33104 39.72438
1248 35411264 23 90  1 13208389 116.40515 39.949
1249 62357425 2 261  1 282564 116.75421 39.5874
1250 46831334 1 90 60 1 88640509 116.52462 40.2103
1251 35415264 22 179  1 30223660 116.40633 39.924
1252 30442106 1 359 60 1 589282 116.42496 39.96779
1253 31167260 1 178 30 1 71712551 115.86304 39.53809
1254 40697163 1 186 80 1 50113549 116.34671 39.85305
1255 36467975 2 251  1 17654968 116.92569 40.16838
1256 32993774 1 27 50 1 41519826 115.95286 40.37414
1257 36467976 2 98  1 41171785 116.90718 40.16746
1258 30442107 1 176 60 1 87757663 116.42486 39.96764
1259 36327407 2 186  1 17632177 116.29708 39.82563
1260 62016319 2 76  1 70764247 116.28133 40.16083
1261 31166215 1 32 60 1 411512 117.09898 40.07715
1262 47056089 1 356 50 1 88051067 116.4519 39.79288
1263 60972115 22 272  1 87914130 116.61669 40.05431
1264 62317767 18 142  1 14762228 116.02326 40.28981
1265 35415265 23 358  1 31865241 116.37343 39.9244
1266 30442108 1 176 50 1 666113 116.42477 39.96764
1267 40697164 1 246 80 2 62237441 116.30554 39.88257
1268 36467977 2 303  1 567829 116.17163 40.16837
1269 36327408 2 172  1 62101520 116.44406 39.80569
1270 32993777 1 287 50 1 32225304 115.98378 40.35058
1271 62016320 2 348  1 71851625 116.33778 40.08567
1272 35415266 23 88  1 358077 116.37392 39.92397
1273 47056091 1 133 100 1 288418 116.23067 39.83966
1274 31166218 1 296 40 1 311017 116.98608 40.07423
1275 32993778 1 358 50 1 369589 115.93133 40.36032
1276 40698103 1 248 80 1 407133 116.36858 39.94779
1277 36327409 2 354  1 19482223 116.45593 39.80952
1278 62317768 18 83  1 262859 116.0392 40.27865
1279 36467978 2 338  1 692227 116.26619 40.02235
1280 62016321 2 187  1 776995 116.62881 40.13404
1281 47056098 23 94  1 88051181 116.37535 39.77131
1282 31166219 1 116 50 1 311017 116.98608 40.07422
1283 36327410 2 173  1 19482204 116.45549 39.81367
1284 62048070 2 90  1 31882395 116.51718 39.93123
1285 35417208 1 88 60 1 62218425 116.38014 39.92255
1286 62317769 18 319  1 262890 116.07532 40.29223
1287 36418232 7 355  1 409985 116.29708 39.93843
1288 40698104 1 256 80 1 407102 116.35957 39.94485
1289 36327411 1 174 50 1 42143992 116.43807 39.72109
1290 36467979 2 244  1 14117950 116.28624 40.02265
1291 32993779 1 178 50 1 369589 115.93133 40.36032
1292 32993633 8 265  1 530479 116.65606 39.90786
1293 47056099 23 275  1 88051182 116.37535 39.77131
1294 30442110 1 89 60 1 14225968 116.4335 39.92946
1295 62018109 2 84  1 41862859 116.47158 39.62008
1296 40698105 1 73 80 1 403154 116.35963 39.94473
1297 35417209 1 47 60 1 62218422 116.39124 39.92271
1298 35411265 23 90  1 13208386 116.40515 39.94887
1299 31166222 1 262 70 1 378497 116.89075 39.95035
1300 60988140 23 178  1 88044119 116.25718 40.00057
1301 30854072 1 96 60 1 9000000130825 116.50638 40.18564
1302 62317770 18 90  1 49244518 116.01094 40.31176
1303 40698106 1 111 70 1 12645698 116.31453 39.94041
1304 36327412 2 272  1 61533732 116.37888 39.72187
1305 36467981 2 97  1 54318664 117.0602 40.14656
1306 32993782 1 248 50 1 361003 115.8868 40.37258
1307 35417210 22 87  1 666079 116.39389 39.9232
1308 30442111 1 268 40 1 14225971 116.43239 39.92745
1309 62317771 18 314  1 268339 116.06345 40.30113
1310 40698107 1 111 40 1 12645701 116.31458 39.94048
1311 36467982 2 263  1 700166 116.29373 40.02409
1312 47056106 1 171 40 1 88051191 116.38068 39.76596
1313 31167067 1 222 60 1 14273488 116.49694 39.99789
1314 40698108 1 289 70 1 12645706 116.31462 39.94055
1315 35417211 22 89  1 62218416 116.39647 39.92328
1316 30442112 1 88 40 1 14225970 116.43239 39.92745
1317 62357426 22 84  1 23009037 116.68682 39.59223
1318 32993652 15 270  1 49993287 116.65317 39.89248
1319 61087104 1 349 60 1 88739649 116.61103 40.1214
1320 47056111 1 177 80 1 88051232 116.40149 39.82414
1321 40698109 1 293 70 1 12645707 116.31465 39.9406
1322 62317772 2 95  1 749393 116.56333 40.08066
1323 36467983 2 304  1 15358307 116.95287 40.17171
1324 36327414 2 20  1 320536 116.36655 39.82251
1325 31167068 1 43 60 1 88075178 116.49709 39.99786
1326 30442113 1 0 50 1 673825 116.43398 39.9444
1327 35417212 22 267  1 666066 116.39701 39.92331
1328 47056112 1 357 80 1 88051234 116.40192 39.82381
1329 36467984 2 86  1 9000001260773 116.18452 40.16769
1330 32993783 1 264 50 1 360205 115.88529 40.38005
1331 40698110 1 0 80 1 13474067 116.35632 39.92377
1332 36327415 2 353  1 19482199 116.45556 39.81309
1333 47056115 1 58 100 1 88051412 116.43298 39.78778
1334 36236140 2 84  1 18629925 116.05757 39.50033
1335 31167069 22 176  1 686890 116.43731 39.99174
1336 35417213 22 2  1 15594155 116.47304 39.92471
1337 30442114 1 357 50 1 679183 116.39495 39.9661
1338 36467985 2 167  1 14117963 116.26589 40.02288
1339 40698111 1 174 80 1 13474063 116.35618 39.92345
1340 36276389 2 54  1 740232 116.58917 40.05141
1341 32941658 8 49  1 88075270 116.46421 39.96747
1342 62317773 18 314  1 268727 116.04685 40.31854
1343 30442115 1 177 50 1 681457 116.39453 39.96609
1344 47056116 1 243 100 1 88051411 116.43342 39.78819
1345 36467986 2 122  1 17654862 116.92547 40.16843
1346 40698112 1 0 80 1 12645716 116.35556 39.94113
1347 31167070 1 268 50 1 412524 116.36365 39.99373
1348 32918631 8 268  1 632080 116.49562 39.91568
1349 36327417 2 201  1 71192936 116.58027 39.68626
1350 47056117 1 180 60 1 88051417 116.40166 39.82057
1351 30442116 1 177 50 1 14226011 116.4021 39.96644
1352 36467987 2 3  1 17654851 116.90763 40.16716
1353 40698113 1 264 70 1 369768 116.34391 39.93858
1354 31167071 1 87 50 1 31966299 116.36361 39.99362
1355 32993784 1 84 70 1 360205 115.88529 40.38005
1356 62317774 18 327  1 268727 116.04496 40.32211
1357 30442117 1 358 50 1 14226012 116.40799 39.96534
1358 36327418 2 20  1 71192465 116.57995 39.68544
1359 31167074 1 270 40 1 86012579 116.21264 39.90052
1360 47070100 1 177 70 1 415409 116.274 39.93662
1361 36467988 2 262  1 61017443 116.2974 40.02456
1362 40698114 1 84 70 1 12645718 116.3446 39.93853
1363 47056118 1 180 60 1 88051414 116.40154 39.82057
1364 35417216 22 181  1 567622 116.46143 39.93211
1365 31167075 1 90 40 1 86012579 116.21265 39.90052
1366 32993785 1 180 50 1 72495439 115.90313 40.3578
1367 36327419 2 153  1 26870231 116.65141 39.65061
1368 30442118 1 180 50 1 49044055 116.40755 39.96541
1369 40698115 1 267 80 1 12645719 116.33012 39.96749
1370 36467989 2 173  1 19258019 116.29323 40.02419
1371 62317775 18 72  1 85548376 116.06581 40.28087
1372 35417217 8 306  1 684306 116.44699 39.97319
1373 32993786 1 353 30 1 72495439 115.90316 40.35745
1374 36467990 2 275  1 31909012 116.95264 40.17197
1375 36327420 2 289  1 244694 116.55494 39.66621
1376 40698116 1 88 80 1 12645722 116.33012 39.96731
1377 30442119 1 356 70 1 14226017 116.41795 39.9713
1378 62048072 2 250  1 62174530 116.48829 40.00568
1379 62018134 2 0  1 62385372 116.31132 39.67767
1380 62317776 18 302  1 268727 116.04405 40.32299
1381 46882308 1 50 80 1 85708858 115.97317 40.41161
1382 47057089 1 312 40 1 88052062 116.24305 39.83062
1383 36467991 2 95  1 15358300 116.95247 40.17184
1384 40698117 1 270 80 1 12645724 116.34952 39.96776
1385 32993787 1 277 100 1 370014 115.8905 40.3591
1386 47057090 1 139 100 1 467503 116.24977 39.82719
1387 31167079 1 69 80 1 19188714 116.72055 40.7823
1388 30442120 1 180 70 1 32234480 116.41779 39.97129
1389 36327422 2 269  1 302501 116.44818 39.83258
1390 36470752 2 357  1 71369770 116.54358 40.10389
1391 62018135 2 179  1 62385377 116.3112 39.67824
1392 62317777 18 2  1 262890 116.07577 40.29016
1393 47057092 1 323 100 1 49048962 116.25071 39.82637
1394 36327423 2 266  1 84961943 116.34006 39.83112
1395 30442121 1 357 60 1 14226028 116.3803 39.92425
1396 40698118 1 91 80 1 70040391 116.34952 39.96756
1397 31167080 1 175 40 1 49965724 116.20925 39.8389
1398 36470753 2 268  1 70769009 116.49276 40.09484
1399 35417219 18 46  1 683104 116.49825 39.99721
1400 62357487 2 264  1 318800 116.6246 39.57338
1401 47057109 1 93 100 1 88052140 116.3094 39.78172
1402 36327424 1 270 60 1 88052266 116.31596 39.83084
1403 32993653 8 245  1 49993645 116.70469 39.88972
1404 62317778 1 173 80 1 20234271 116.28926 40.17448
1405 32993788 1 80 60 1 96581254 115.8856 40.3588
1406 31167081 1 355 40 1 49965724 116.20925 39.8389
1407 36470754 2 14  1 20277378 116.64612 40.12551
1408 30442122 1 178 60 1 53887938 116.38018 39.92426
1409 30475169 1 355 50 1 14614588 117.32958 40.21231
1410 40698119 1 270 80 1 12645728 116.35958 39.96778
1411 32993806 1 185 60 1 30416009 116.1844 39.7427
1412 47057114 1 0 60 1 15557866 116.29048 39.81586
1413 36470755 2 83  1 41866844 116.84021 40.15197
1414 31167082 1 65 50 1 18061481 116.48953 40.80311
1415 62317779 18 312  1 268339 116.0662 40.29851
1416 35417220 18 304  1 15154480 116.4808 39.96394
1417 30442123 1 165 70 1 14226183 116.56864 39.99259
1418 40698120 1 90 80 1 12645730 116.35957 39.96766
1419 30854075 1 355 70 1 986670 116.56198 40.1865
1420 47057115 1 178 60 1 88052169 116.29034 39.81591
1421 62317780 18 112  1 49244572 116.03287 40.27876
1422 35417225 8 234  1 682381 116.4461 39.95251
1423 62314297 2 265  1 71372705 116.30284 39.67732
1424 31167083 1 283 40 1 70012119 116.56354 40.69628
1425 36314898 18 140  3 14914060 115.42003 39.7366
1426 36418201 7 0  1 54006037 116.49017 39.93741
1427 30442124 1 57 40 1 14226210 116.51357 39.97502
1428 36470757 2 350  1 62008579 116.86144 40.17199
1429 40698122 1 250 80 1 49044582 116.31678 39.9655
1430 62018138 2 0  1 62385381 116.31129 39.68426
1431 47057118 1 270 80 1 88052243 116.30199 39.8307
1432 35417226 22 269  3 49143222 116.37824 39.94915
1433 31167084 1 103 40 1 70012119 116.56354 40.69628
1434 62317781 2 274  1 747866 116.56469 40.08056
1435 36470758 2 357  1 41917469 116.81277 40.16978
1436 30442125 1 237 40 1 30252924 116.51357 39.97502
1437 40698124 1 270 80 1 14753127 116.31993 39.98568
1438 32993812 1 217 100 3 14913947 115.40645 39.76715
1439 36290708 2 267  1 61200854 116.24066 40.22082
1440 62018139 2 180  1 62385386 116.31116 39.68472
1441 36354288 2 181  1 346706 116.31372 39.78907
1442 62317782 18 151  1 49244522 116.01703 40.29552
1443 31167085 1 22 50 1 18063813 116.63105 40.73386
1444 47057119 1 90 80 1 88052245 116.30203 39.8305
1445 35417231 8 323  1 26141656 116.36383 40.01001
1446 36327427 2 315  1 18667474 116.4923 39.6946
1447 40698125 1 86 80 1 12645732 116.32036 39.98552
1448 47057125 1 0 40 1 88052405 116.33608 39.82222
1449 36470760 2 7  1 592288 116.18679 40.07489
1450 62018140 2 90  1 62385397 116.31527 39.68804
1451 36593936 2 349  1 18712884 116.28975 39.70806
1452 62317783 18 291  1 268339 116.07185 40.29439
1453 32993813 1 122 100 3 14905301 115.44637 39.66582
1454 30442126 1 76 40 1 14226212 116.52539 39.96389
1455 35417232 8 143  1 87767779 116.36376 40.00983
1456 36327428 1 354 50 1 42143992 116.43807 39.72109
1457 40698126 1 268 80 1 12566757 116.32685 39.98589
1458 62018141 2 0  1 62385389 116.31127 39.68798
1459 62317784 18 320  1 268339 116.06769 40.29639
1460 36470762 2 174  1 72286157 116.52278 40.11159
1461 36284414 2 90  1 71369594 116.65615 40.12992
1462 40698127 1 87 80 1 12645736 116.32752 39.98575
1463 32993814 1 113 70 3 14905243 115.50362 39.6345
1464 31167087 1 110 60 1 438190 116.63445 40.73186
1465 30469120 1 31 30 1 14655656 115.7782 39.60567
1466 36470763 2 269  1 14751996 116.85342 40.17267
1467 47057127 1 276 100 1 88052459 116.31614 39.78115
1468 62357429 2 352  1 62600731 116.68245 39.59158
1469 46882186 1 325 70 1 87767881 116.31751 40.01666
1470 36470764 2 270  1 412861 116.7895 40.16999
1471 32926600 8 270  1 17193682 116.52443 39.94156
1472 31167088 1 152 60 1 70405434 116.63582 40.72487
1473 62317785 18 73  1 262907 116.06086 40.27926
1474 35417234 8 142  1 87767846 116.35759 40.01788
1475 30442128 23 270  1 9000000005880 116.50464 39.98798
1476 31167089 1 333 50 1 438202 116.65988 40.69334
1477 36470766 2 358  1 15265673 116.49906 40.13386
1478 62321792 22 82  1 712531 116.46347 40.00099
1479 32993816 1 195 100 3 14905229 115.54431 39.59129
1480 40698128 1 267 80 1 12645738 116.34041 39.9865
1481 30442129 23 88  1 14226219 116.50464 39.98798
1482 36276318 5 88  1 13089069 116.41351 39.86869
1483 47057133 23 90  1 86033396 116.35222 39.83099
1484 31167090 1 5 70 1 85662005 116.6628 40.65802
1485 62325436 2 90  1 71777729 116.35611 39.98151
1486 62018143 2 270  1 62385413 116.30731 39.68812
1487 36470767 2 174  1 15544632 116.24297 40.04647
1488 36270350 2 87  1 543491 116.70892 40.17031
1489 36327430 2 31  1 19609914 116.48461 39.84752
1490 36781506 18 116  1 14762229 116.01885 40.29385
1491 30442130 8 73  1 14226275 116.50617 39.93721
1492 31167091 1 180 50 1 24429498 116.68792 40.61931
1493 32993817 1 310 100 3 14905235 115.53577 39.60668
1494 36470768 2 87  1 20232270 116.85262 40.17246
1495 62325437 2 268  1 41575421 116.35647 39.9816
1496 40698131 1 0 70 1 12645216 116.35461 39.96803
1497 47057137 1 350 40 1 71113956 116.36099 39.78117
1498 35417236 8 321  1 87767816 116.35264 40.02461
1499 30442132 1 270 70 1 807009 116.57552 39.9242
1500 31167092 1 260 50 1 1039530 116.55436 40.5684
1501 36671176 1 155 80 1 17283035 116.717 40.84023
1502 34535355 1 42 50 1 86475881 115.41498 39.79434
1503 62326880 2 191  1 72580064 116.19096 39.86446
1504 62360795 2 198  1 16461615 116.10716 39.9096
1505 47057138 1 169 40 1 88052649 116.36099 39.78117
1506 34610356 6 28  1 26171536 116.33336 39.71287
1507 62254918 2 243  1 321141 116.49486 39.79009
1508 34535357 1 222 50 1 86475881 115.41498 39.79434
1509 35417237 8 322  1 12512123 116.31968 40.06732
1510 36285069 2 165  1 586541 116.68344 40.4037
1511 46932319 1 142 40 1 85626148 116.13045 40.24605
1512 40698132 1 358 70 1 408605 116.35402 39.97938
1513 30442133 1 90 70 1 807011 116.57551 39.92409
1514 47057139 1 8 40 1 88052674 116.34801 39.79579
1515 32926601 8 258  1 40601395 116.52029 39.94122
1516 31167093 1 80 50 1 1039530 116.55439 40.56841
1517 34535358 1 70 50 1 71712672 115.42844 39.77381
1518 34610357 6 208  1 26171536 116.33334 39.71282
1519 35417238 8 141  1 12512176 116.31938 40.06741
1520 40698134 1 175 70 1 12645746 116.3536 39.98332
1521 30442136 1 270 70 1 14226494 116.46559 39.92336
1522 30442178 1 179 40 1 14679865 116.17258 39.7349
1523 36327433 2 272  1 71186155 116.45178 39.80049
1524 36470771 2 32  1 41917677 116.17655 40.04876
1525 30442137 1 90 70 1 14226493 116.46548 39.92325
1526 36328793 1 238 40 1 9000001262538 116.03861 39.61752
1527 47057140 1 88 80 1 88052709 116.3452 39.83097
1528 34535359 1 250 30 1 71712672 115.42844 39.77381
1529 40698135 1 137 60 1 12645749 116.29603 39.99322
1530 31150217 1 300 50 1 342986 117.10351 40.59994
1531 36327434 2 82  1 71759782 116.4914 39.69486
1532 62326883 2 286  1 15828297 116.18659 39.84031
1533 36470772 2 267  1 31966054 116.13969 40.1459
1534 30854078 1 90 60 1 50040198 116.60593 40.23965
1535 35417239 1 268 60 1 16365352 116.45798 40.20821
1536 34535492 1 261 40 1 87904704 116.02273 39.87843
1537 40698136 1 333 60 1 12645752 116.29916 39.99067
1538 47058089 1 180 70 1 19560906 116.25281 39.88546
1539 62213544 2 93  1 42256900 116.46684 40.01585
1540 31167095 1 292 50 1 86387585 116.66877 40.60249
1541 62326884 2 273  1 72579983 116.14786 39.84758
1542 36470773 2 355  1 411313 116.7892 40.1697
1543 30442139 1 180 40 1 14226509 116.47269 39.93149
1544 47058091 1 327 60 1 448460 116.28186 39.86926
1545 36327435 2 273  1 9000000111743 116.34262 39.7223
1546 36470774 2 182  1 15358269 116.76686 40.16997
1547 36354199 22 263  1 30419814 116.61488 40.05426
1548 34535493 1 81 50 1 87904704 116.02273 39.87843
1549 62326885 2 67  1 14680300 116.17391 39.87219
1550 30442142 1 180 60 1 14226528 116.48956 39.9402
1551 36470775 2 186  1 770386 116.64617 40.12577
1552 35417240 1 87 70 1 16365317 116.45801 40.20807
1553 40698138 1 352 80 1 12645758 116.27487 39.93292
1554 31167097 1 11 50 1 914025 116.67721 40.57113
1555 47070104 1 0 80 1 406268 116.29725 39.93261
1556 46935304 1 155 40 1 88698566 116.66239 40.06282
1557 35417241 22 269  1 573553 116.67792 40.34756
1558 30442143 1 49 60 1 88075003 116.49671 39.99497
1559 47058093 1 177 60 1 88053177 116.28327 39.84907
1560 40698139 1 173 80 1 12645756 116.27468 39.93291
1561 31167098 1 277 50 1 331551 116.74847 40.43384
1562 36470777 2 253  1 30415300 116.24455 40.0738
1563 36327437 2 340  1 17632042 116.30044 39.80648
1564 36308764 22 180  1 279745 116.21082 39.90036
1565 47058094 1 5 60 1 462371 116.28389 39.84921
1566 31167099 1 97 50 1 331551 116.74847 40.43384
1567 36470778 2 26  1 15265651 116.49881 40.12722
1568 30442144 1 303 50 1 14226597 116.47986 39.96479
1569 34535495 6 308  1 61200763 116.6188 40.34245
1570 36327438 2 86  1 61200198 116.46365 39.70857
1571 30475173 1 342 40 1 86830791 117.26432 40.22425
1572 40698140 1 354 80 1 12645762 116.27447 39.93665
1573 46882316 1 72 60 1 96581255 115.88327 40.35819
1574 62326887 2 82  1 72580038 116.17738 39.87755
1575 31167100 1 212 60 1 335897 116.66277 40.48067
1576 36470779 2 86  1 71369240 116.83523 40.17141
1577 47058095 1 180 70 1 88053179 116.29446 39.87096
1578 35417242 7 227  1 49089168 116.63382 39.79947
1579 40698141 1 176 80 1 12645760 116.27425 39.93664
1580 34535496 6 128  1 441000 116.6187 40.34237
1581 46800185 1 180 80 1 14641304 116.46105 39.87603
1582 47058097 1 3 70 1 88053183 116.2947 39.87205
1583 36470780 2 194  1 15265649 116.49889 40.12811
1584 40698144 1 353 80 1 12645772 116.27553 39.95952
1585 31167149 1 142 80 1 17645180 116.63351 40.96112
1586 36327440 2 90  1 19482384 116.30361 39.83707
1587 30442145 1 123 50 1 14226598 116.47946 39.96441
1588 62326888 2 125  1 72580044 116.17893 39.87236
1589 47058098 1 180 70 1 88053185 116.29501 39.88321
1590 35417243 1 0 50 1 9000001295719 116.47556 39.72593
1591 36327441 2 265  1 507270 116.28501 39.83609
1592 31167150 1 322 80 1 72291853 116.63389 40.96088
1593 36470781 2 276  1 41917466 116.86184 40.17229
1594 34580347 1 182 50 1 422141 115.96118 39.72118
1595 40698145 1 175 80 1 12645770 116.2753 39.95911
1596 62326889 2 243  1 72580035 116.17493 39.87711
1597 47058099 1 10 70 1 88053191 116.27456 39.91338
1598 30442146 1 170 50 1 14226631 116.48921 39.95337
1599 35417244 1 180 50 1 9000001295719 116.47556 39.72592
1600 36470782 2 95  1 41171792 116.86109 40.17216
1601 31167245 1 213 60 1 12505784 116.01361 40.31829
1602 62326890 2 180  1 87424719 116.20886 39.84827
1603 36470783 2 267  1 71369234 116.8436 40.1721
1604 36327442 2 324  1 226262 116.65157 39.65037
1605 35417245 1 246 70 1 9000001447471 116.39448 39.67405
1606 34535498 6 180  1 85661669 116.63029 40.35396
1607 62018152 2 183  1 62385676 116.31776 39.74394
1608 40698147 1 176 80 1 407086 116.30981 39.94692
1609 31167246 1 258 30 1 86475939 115.39039 39.72681
1610 30442147 1 177 70 1 650251 116.35253 40.00284
1611 35417246 1 198 70 1 226909 116.69301 39.61375
1612 34535499 6 222  1 567400 116.64571 40.34652
1613 47058102 1 270 70 1 88053240 116.26699 39.90751
1614 36472094 2 299  1 19368270 116.49998 39.78357
1615 36284418 2 202  1 288076 116.62704 40.30667
1616 36327443 2 78  1 14444606 116.63895 39.64758
1617 36801627 2 70  1 20114614 116.32341 39.72391
1618 35417247 1 359 60 1 412664 116.33245 39.74468
1619 40698149 1 355 80 1 40428763 116.31002 39.94693
1620 30442148 1 357 50 1 14226706 116.37459 40.01993
1621 31167247 1 113 30 1 18569195 115.39536 39.72742
1622 62018153 2 180  1 62385932 116.31781 39.74551
1623 62326891 2 100  1 14680362 116.18089 39.86228
1624 47061102 1 6 60 1 88056573 116.38686 39.8486
1625 40698150 1 177 70 1 12645778 116.35509 39.95518
1626 35417248 1 69 60 1 405067 116.3328 39.70027
1627 34535500 6 265  1 386050 116.57295 40.29065
1628 31167248 1 8 50 1 18569430 115.48792 39.64021
1629 30442149 1 177 50 1 17168549 116.3744 40.01996
1630 36477777 1 66 30 1 72433997 115.92396 39.81577
1631 62018154 2 267  1 62385683 116.31134 39.74672
1632 47061103 1 185 60 1 88056574 116.38676 39.84859
1633 31167249 1 188 60 1 18569430 115.48791 39.64018
1634 40698151 1 267 80 1 12645782 116.30801 39.98531
1635 36477778 1 251 30 1 72433996 115.92394 39.81584
1636 36327444 2 321  1 61533893 116.31953 39.73214
1637 62018155 2 270  1 62385694 116.31487 39.74675
1638 62326892 2 212  1 72580031 116.17617 39.87479
1639 35417249 1 275 60 1 403580 116.3309 39.70067
1640 46946230 1 49 30 1 87757994 116.45027 39.95377
1641 47061104 1 271 40 1 41171893 116.37504 39.85063
1642 40698152 1 90 80 1 12645780 116.30828 39.98513
1643 36593933 1 346 50 1 212922 116.39728 39.71594
1644 36478857 2 2  1 736900 116.4674 40.01572
1645 30475174 1 168 50 1 86830790 117.26432 40.22425
1646 30469123 1 162 50 1 18057871 115.81276 39.58512
1647 36327445 2 261  1 505762 116.27322 39.83503
1648 31167250 1 16 50 1 18569466 115.71108 39.55558
1649 34535502 1 276 40 1 9000001340033 116.7829 40.36364
1650 30442151 1 271 60 1 14226844 116.41868 40.00938
1651 47061105 1 90 40 1 88056576 116.37504 39.85063
1652 36478858 6 270  1 575734 116.4191 40.03277
1653 36327446 2 136  1 9000000125272 116.49154 39.69538
1654 40698153 1 351 60 1 407122 116.29953 39.98927
1655 31167251 1 196 50 1 18569466 115.71107 39.55556
1656 30442153 1 167 50 1 14451698 116.58228 40.08205
1657 47070091 1 246 60 1 88072176 116.279 39.97237
1658 36478859 2 320  1 740432 116.56074 40.01919
1659 34535503 6 65  1 14640784 116.76231 40.33893
1660 40698154 1 172 60 1 357679 116.29934 39.98925
1661 46935306 1 267 70 1 88698576 116.67811 40.0632
1662 47070092 1 245 80 1 88072179 116.27916 39.97227
1663 62326895 2 273  1 15827968 116.1562 39.84713
1664 62018157 2 89  1 62385929 116.31756 39.74668
1665 36327447 2 92  1 18667009 116.37788 39.72174
1666 62060800 23 90  1 87233734 116.53844 39.90917
1667 30442157 1 160 40 1 15441832 116.59396 40.0568
1668 60972134 1 351 60 1 366399 116.36615 40.39197
1669 62327559 2 229  1 664436 116.46013 39.95474
1670 34535504 1 67 70 1 84915774 116.75925 40.33746
1671 36308436 2 176  1 19689155 116.34259 40.06392
1672 40583243 23 90  1 12530977 116.32529 39.8305
1673 62018158 2 268  1 62385732 116.33292 39.73761
1674 30442159 1 357 60 1 49190253 116.3871 39.83243
1675 36327448 2 270  1 9000000097188 116.35388 39.72184
1676 36478860 2 345  1 742016 116.56349 40.01142
1677 62329139 2 2  1 628039 116.46152 39.88384
1678 47070093 1 65 80 1 88072181 116.27942 39.97217
1679 36327449 1 95 40 1 12855557 116.38391 39.84544
1680 30442160 1 177 70 1 62118205 116.38693 39.83243
1681 36478861 2 274  1 755971 116.56589 40.00308
1682 31167254 1 274 50 1 26206886 115.84657 39.52781
1683 40698156 1 354 50 1 12645786 116.30729 39.96734
1684 35419210 1 6 60 1 521149 116.6587 39.85263
1685 47070094 1 66 70 1 88072182 116.27955 39.97206
1686 36478862 2 345  1 39032889 116.56571 40.00287
1687 34535505 1 244 70 1 14640787 116.75919 40.33754
1688 31167255 1 274 50 1 26206886 115.84777 39.52774
1689 40698158 1 176 80 1 428994 116.30958 39.95054
1690 36327450 2 0  1 54908196 116.31322 39.83
1691 35419215 1 133 30 1 70619528 116.44613 39.72006
1692 32918637 8 92  1 590795 116.47815 39.9156
1693 36478863 2 270  1 20459933 116.58123 40.00155
1694 30442162 1 268 60 1 14452063 116.38324 39.83191
1695 31150220 1 66 40 1 69991393 117.20168 40.42589
1696 40698159 1 95 70 1 357646 116.32055 39.93911
1697 35419216 1 353 30 1 61348534 116.44697 39.72112
1698 31167256 1 94 50 1 26206886 115.84489 39.52791
1699 30442180 1 108 70 1 14679869 116.19199 39.71283
1700 36481094 22 270  1 635732 116.49674 39.90829
1701 62018161 2 0  1 62385657 116.31789 39.74795
1702 62357422 2 346  1 282466 116.75422 39.60572
1703 35419217 1 173 30 1 61348523 116.44351 39.72597
1704 46935307 1 180 70 1 88698743 116.66698 40.04644
1705 36327762 1 24 50 1 393028 115.60695 39.69755
1706 30442167 1 278 70 1 14452623 116.21576 39.69826
1707 47070095 1 0 60 1 88072241 116.27617 39.95536
1708 40698161 1 94 70 1 12645788 116.33204 39.93827
1709 36481095 22 18  1 624756 116.47371 39.91264
1710 36236137 2 270  1 16355929 116.04609 39.54834
1711 62018162 2 180  1 62385656 116.31781 39.74838
1712 34535507 1 19 60 1 14753058 117.15098 40.56395
1713 62254920 2 268  1 333570 116.47247 39.82515
1714 30442168 1 97 70 1 14452624 116.21571 39.69811
1715 46882318 1 260 50 1 85708986 115.89341 40.37485
1716 36481096 22 180  1 628602 116.46951 39.91268
1717 36327763 1 0 50 1 54231311 115.76747 39.53954
1718 31167258 1 94 50 1 26206886 115.84779 39.52773
1719 62357423 2 166  1 282476 116.7541 39.60569
1720 47070096 1 180 70 1 88072251 116.27385 39.94178
1721 36236138 2 265  1 18629929 116.05859 39.50063
1722 36481097 2 180  1 628604 116.46951 39.91179
1723 36328786 18 175  1 408546 116.30952 39.95131
1724 30442169 1 359 60 1 14679740 116.14211 39.74935
1725 34580351 6 269  1 18713263 117.07868 40.14551
1726 34535508 1 199 60 1 14753058 117.15098 40.56395
1727 31167259 1 358 30 1 71712551 115.86303 39.5382
1728 62357424 2 173  1 12650993 116.6905 39.58923
1729 40698165 1 270 80 1 12645794 116.29989 39.98502
1730 36481098 22 199  1 49190259 116.47373 39.91298
1731 36328787 1 83 60 3 61646657 116.06245 39.8781
1732 34535509 1 163 40 1 20165431 115.98003 40.47026
1733 47070097 1 182 80 1 88072250 116.2741 39.94178
1734 62018163 2 3  1 62385669 116.31791 39.74973
1735 36481099 22 181  1 633718 116.47326 39.91095
1736 30442173 1 32 40 1 314231 116.15034 39.74037
1737 47070098 1 3 80 1 88072246 116.27434 39.94198
1738 62060801 2 84  1 15827923 116.57582 39.90977
1739 40698166 1 0 80 1 12645796 116.27531 39.92312
1740 34535510 1 343 40 1 20165431 115.98003 40.47026
1741 36328788 22 164  1 336090 116.17223 39.92425
1742 31167261 1 263 60 1 86475801 115.89807 39.53055
1743 36481100 22 91  1 618949 116.47412 39.90807
1744 47070099 1 5 60 1 88072247 116.27457 39.94192
1745 40703098 1 196 120 1 12650960 116.28452 39.47826
1746 36641083 2 176  1 86693441 116.81186 39.9772
1747 34535511 6 81  1 50123555 115.99008 40.47356
1748 32926605 8 274  1 802384 116.52778 39.91715
1749 36418205 23 0  1 12676399 116.48995 39.92308
1750 36562559 2 191  1 614269 116.48794 39.86788
1751 34535512 6 261  1 50123557 115.99012 40.47364
1752 62357427 2 165  1 282927 116.75392 39.58756
1753 36328789 2 87  1 42256717 116.05334 39.72245
1754 62020961 2 163  1 14751550 116.73586 39.91519
1755 31167262 1 83 40 1 86475801 115.8981 39.53055
1756 30442174 1 96 80 1 14679801 116.15633 39.67174
1757 36562560 2 126  1 17184941 116.46477 39.81583
1758 62357428 2 352  1 12650988 116.69069 39.58861
1759 36328790 5 356  1 316856 116.16259 39.92644
1760 47070101 1 354 60 1 415414 116.27466 39.93665
1761 31167263 1 178 30 1 18666676 115.89742 39.53118
1762 40703101 1 191 100 1 15086918 116.32522 39.56302
1763 36562561 2 138  1 15569064 116.46928 39.81195
1764 36236141 2 91  1 41121773 116.11973 39.54521
1765 62020962 2 88  1 40428521 116.24997 40.22114
1766 34535513 1 104 50 1 24449579 116.84589 40.40179
1767 40703102 1 11 100 1 12650970 116.32545 39.56318
1768 47070102 1 90 70 1 393815 116.29245 39.93225
1769 36593943 1 86 50 1 207940 116.43203 39.70584
1770 36328792 15 103  1 352327 116.03375 39.87506
1771 30442177 1 0 40 1 14679864 116.17272 39.73484
1772 36562562 2 138  1 332057 116.47182 39.80909
1773 31167264 1 358 30 1 18666676 115.89741 39.5312
1774 34539258 1 184 60 1 537924 116.65844 39.84871
1775 40703103 1 202 120 1 12650972 116.07898 39.66137
1776 47070103 1 180 80 1 88072282 116.29634 39.93203
1777 36236142 2 272  1 355830 116.10988 39.54556
1778 62357430 2 264  1 23009037 116.68266 39.59177
1779 36562563 1 138 60 1 14190884 116.4723 39.80855
1780 31167270 1 19 60 1 26133044 115.91306 39.51272
1781 36562564 1 270 70 1 28258654 116.51904 39.74742
1782 36236143 2 91  1 355823 116.10877 39.5454
1783 31167265 1 292 60 1 18666669 115.93472 39.52423
1784 40703104 1 21 120 1 12650975 116.07946 39.66185
1785 34543210 8 270  1 13884551 116.32116 39.92372
1786 36328795 1 58 50 1 9000001262538 116.03861 39.61752
1787 60982098 1 264 90 1 711199 116.28686 40.01347
1788 47070105 1 263 70 1 42259022 116.28902 39.95753
1789 36562565 6 78  1 16413955 116.839 39.81342
1790 30442179 1 288 70 1 14679868 116.19199 39.71283
1791 62357431 2 83  1 227647 116.68227 39.59172
1792 36236144 2 1  1 86526496 116.10935 39.54499
1793 34543211 8 272  1 60394928 116.32865 39.92338
1794 62020964 2 358  1 61870571 116.22692 40.22346
1795 40703105 1 177 120 1 12650976 116.08018 39.62991
1796 36562566 2 90  1 19238077 116.4281 39.84585
1797 31167267 1 198 60 1 62101990 115.90992 39.50397
1798 62020965 1 358 60 1 41917354 116.22699 40.22129
1799 47070106 1 85 70 1 415452 116.28914 39.95733
1800 36328796 23 294  1 269397 115.76457 39.76119
1801 36236145 2 181  1 19496012 116.04517 39.54867
1802 31167268 1 18 60 1 62101988 115.91016 39.50412
