1803 34543212 15 161  1 400126 116.3012 39.97437
1804 32918639 8 271  1 590798 116.4817 39.91548
1805 30442183 1 111 70 1 14680138 116.16883 39.80867
1806 36562567 2 315  1 333520 116.48125 39.82521
1807 62020966 2 177  1 41917353 116.22688 40.22046
1808 36328815 2 278  1 49101911 116.58472 40.06084
1809 34543216 8 248  1 70040503 116.36741 39.94731
1810 31167269 1 199 60 1 71551521 115.9129 39.51279
1811 40703107 1 184 100 1 88136937 116.32365 39.65486
1812 36354293 2 269  1 61207442 116.33249 39.75339
1813 36328816 22 63  1 752691 116.58907 40.07826
1814 36562568 2 136  1 70610433 116.48064 39.82562
1815 36236146 2 94  1 18630019 116.05214 39.54779
1816 46800224 1 176 50 1 87729126 116.43465 39.91521
1817 62357433 2 173  1 227644 116.6824 39.59198
1818 62020967 2 359  1 41917359 116.22702 40.21992
1819 30442186 1 354 60 1 9000000122513 116.20864 39.80938
1820 47070107 1 91 70 1 88072404 116.28949 39.92402
1821 34543218 8 254  1 401679 116.36323 39.94587
1822 40703108 1 3 100 1 12650983 116.32378 39.65486
1823 36562569 2 18  1 332912 116.45433 39.82371
1824 36328817 1 350 40 1 87914091 116.59414 40.05371
1825 36236147 2 46  1 361187 116.00588 39.57474
1826 30442187 1 170 60 1 85906724 116.20854 39.80942
1827 47070108 1 270 70 1 88072406 116.28949 39.92418
1828 35408256 8 90  1 56939713 116.32234 39.89678
1829 34543219 1 143 80 1 358020 116.37266 39.9979
1830 31167271 1 227 60 1 265274 115.91729 39.52058
1831 36562570 2 142  1 72291931 116.47932 39.80223
1832 30442188 1 305 50 1 14680423 116.98406 40.29189
1833 62020968 1 358 60 1 41917377 116.22708 40.21491
1834 36290666 2 268  1 61200846 116.24475 40.22105
1835 47070109 1 94 60 1 88072415 116.25584 39.92939
1836 36328818 22 261  1 49911465 116.58839 40.08052
1837 36270399 2 354  1 71369406 116.69775 40.1695
1838 62357435 2 82  1 282939 116.79149 39.59288
1839 30442189 1 125 50 1 14680422 116.98402 40.29192
1840 62020969 2 178  1 41917390 116.22701 40.21285
1841 36236149 2 271  1 361604 116.12043 39.54537
1842 31167266 1 112 60 1 18666669 115.93475 39.52421
1843 40703110 1 8 40 1 12650986 116.69178 39.60784
1844 31167273 1 229 40 1 86288326 115.91925 39.52237
1845 36562573 2 240  1 625469 116.47252 39.83881
1846 47070110 1 273 60 1 42171994 116.25584 39.92947
1847 62357440 2 81  1 86033474 116.36439 39.79396
1848 62020971 2 269  1 61972979 116.64876 40.12578
1849 36236150 2 274  1 360872 116.05324 39.5479
1850 30442190 1 348 50 1 14680425 116.99529 40.28065
1851 31167274 1 49 60 1 266393 115.91947 39.52234
1852 36328820 2 124  1 754345 116.56443 40.05166
1853 47073089 1 193 100 1 88104852 116.21107 39.88923
1854 40703111 1 352 40 1 62600757 116.69076 39.58813
1855 62020972 2 87  1 41917934 116.64804 40.12567
1856 62357441 2 277  1 19560886 116.49735 39.76429
1857 31167275 1 227 60 1 265255 115.93469 39.53631
1858 36445974 2 265  1 32114538 116.28768 39.78229
1859 36236151 2 178  1 360849 116.05264 39.54819
1860 30442191 1 166 50 1 54289334 116.99528 40.28068
1861 34543227 1 169 40 1 55150296 116.34168 39.96603
1862 36562575 1 81 80 1 12634675 116.46286 39.83369
1863 36236148 2 87  1 40194982 116.04474 39.54815
1864 36328821 2 168  1 754339 116.56852 40.06927
1865 40703112 1 304 60 1 18396310 116.73944 39.63156
1866 31167276 1 47 60 1 265257 115.93494 39.53632
1867 62020973 2 268  1 61972999 116.65497 40.12591
1868 47073090 1 270 40 1 88044091 116.22283 39.89716
1869 30442192 1 282 40 1 14680432 116.9385 40.19961
1870 40703113 1 172 60 1 12650992 116.69047 39.58947
1871 62357442 2 184  1 62596211 116.49331 39.76474
1872 36562576 2 128  1 17184932 116.4585 39.82065
1873 62020974 1 89 50 1 61973000 116.65446 40.12582
1874 31167277 1 228 60 1 266040 115.94367 39.54441
1875 30442193 1 103 70 1 14680433 116.9385 40.19961
1876 40703114 1 124 90 1 14728419 116.68304 39.65858
1877 34543228 1 0 40 1 408309 116.32526 39.97406
1878 36562577 2 318  1 53884129 116.46972 39.8118
1879 62357443 2 345  1 19688191 116.52353 39.76235
1880 47230131 1 269 120 1 88733406 116.9377 39.80023
1881 40703116 1 288 70 1 12650997 116.68763 39.61908
1882 31167278 1 48 60 1 266043 115.94384 39.54434
1883 30442194 1 283 70 1 14770642 116.99161 40.1433
1884 62020975 2 269  1 61973012 116.65151 40.12585
1885 36236153 2 179  1 86526789 116.12002 39.54562
1886 34543229 1 180 40 1 408309 116.32526 39.97406
1887 31167272 1 47 60 1 265275 115.91753 39.52058
1888 47230132 1 90 120 1 88733407 116.93768 39.80004
1889 36328823 2 170  1 19358398 116.59248 40.06348
1890 62357444 2 286  1 19688079 116.50937 39.76487
1891 36562579 2 270  1 19238117 116.43094 39.84595
1892 62020976 2 88  1 61972991 116.65105 40.12578
1893 47230133 1 297 120 1 16241778 117.02392 39.79252
1894 40703117 1 107 70 1 18729602 116.68763 39.61908
1895 36236194 1 1 120 1 71550734 117.10162 40.00955
1896 62357445 2 262  1 32394263 116.36479 39.79414
1897 36284424 2 267  1 85708343 116.67897 40.13265
1898 36328824 22 350  1 29691748 116.59355 40.07878
1899 36562580 2 90  1 19238112 116.4304 39.84584
1900 47230135 1 22 120 1 88733416 116.27953 39.45264
1901 31167280 1 77 60 1 266077 115.9613 39.56111
1902 62020977 2 89  1 61973023 116.6566 40.12586
1903 34543232 8 89  1 40428673 116.36435 39.96769
1904 62357446 2 284  1 19688088 116.50372 39.76289
1905 36236195 1 181 120 1 71550676 117.1014 40.00957
1906 36671249 2 278  1 427206 116.62444 40.35719
1907 40703118 1 8 40 1 12650998 116.69053 39.5992
1908 60695136 6 122  1 69991447 116.11272 39.92462
1909 30442197 1 263 70 1 14680443 117.01878 40.14219
1910 36328825 22 351  1 41719363 116.59303 40.0804
1911 36354187 2 18  1 71372544 116.33845 39.72214
1912 36238440 2 271  1 539669 117.09614 40.13425
1913 31167281 1 271 50 1 9000001242778 115.96307 39.57595
1914 34543234 8 0  1 401682 116.35625 39.92553
1915 30442198 1 350 70 1 14680447 117.02087 40.15548
1916 36328826 1 271 60 1 30419626 116.57247 40.0435
1917 36562582 2 179  1 549729 116.44515 39.85411
1918 60695137 1 246 40 1 88052723 116.29746 39.77983
1919 62020978 1 0 50 1 784846 116.69257 40.16593
1920 40703119 1 16 40 1 12651000 116.69242 39.61155
1921 31167282 1 91 50 1 9000001242778 115.96332 39.57595
1922 34543235 8 178  1 404720 116.35607 39.92629
1923 36562583 2 180  1 548103 116.4217 39.84622
1924 40703120 1 194 70 1 12651003 116.69216 39.61093
1925 30442199 1 170 70 1 14680448 117.02074 40.15546
1926 34543297 1 271 100 1 313881 116.14514 39.69766
1927 62020979 1 180 50 1 784846 116.69257 40.1659
1928 36238444 15 69  1 85518266 116.44548 39.94986
1929 40703121 1 188 60 1 86075072 116.69023 39.59827
1930 60695138 1 24 70 1 341796 116.36712 39.82387
1931 30442200 1 9 70 1 14770061 117.01412 40.09976
1932 36562584 6 258  1 16413962 116.83894 39.8136
1933 31167284 1 351 50 1 86288276 115.97086 39.5769
1934 62357449 2 24  1 19688080 116.5089 39.76466
1935 62020980 2 91  1 85708455 116.63441 40.10255
1936 34543299 6 270  1 312858 116.18314 39.7311
1937 60695139 8 24  1 341796 116.36712 39.82386
1938 30442201 1 187 70 1 14770062 117.01404 40.0998
1939 36328828 2 173  1 87914116 116.59121 40.0708
1940 36562585 1 263 80 1 12634674 116.46279 39.83384
1941 30442202 1 190 70 1 14770064 117.01366 40.09758
1942 40703122 1 262 50 1 12651005 116.78321 39.59171
1943 31167286 1 189 50 1 264426 115.96204 39.58251
1944 34543226 1 349 40 1 55150296 116.34168 39.96603
1945 36240211 1 200 120 1 41475969 116.50354 39.51406
1946 31167287 1 9 50 1 264426 115.96205 39.58256
1947 62020981 2 182  1 85708458 116.63482 40.10273
1948 36328829 1 40 40 1 747836 116.58773 40.04954
1949 36562587 2 320  1 14190886 116.47243 39.80878
1950 36240212 1 20 80 1 71293559 116.50364 39.51392
1951 30442203 1 240 50 1 14770086 116.98696 40.07647
1952 40703123 1 80 50 1 12651004 116.78321 39.59171
1953 40583247 23 269  1 84962100 116.3522 39.83116
1954 62357452 2 202  1 19362483 116.50352 39.76306
1955 31167288 1 273 50 1 264436 115.99631 39.50305
1956 30466177 1 115 40 1 14593957 116.67632 39.6235
1957 60695140 8 204  1 341795 116.36695 39.82397
1958 36562588 1 349 40 1 19613099 116.51899 39.7469
1959 30442204 1 60 50 1 14770087 116.98696 40.07647
1960 62020982 2 271  1 85708477 116.63568 40.10817
1961 36240213 1 23 60 1 19560688 116.50165 39.50791
1962 40703125 1 117 120 1 12651008 116.79154 39.65758
1963 60695141 1 204 70 1 341795 116.36694 39.82396
1964 34543303 6 270  1 30415903 116.16709 39.71004
1965 30843061 1 88 40 1 499458 116.35119 39.87756
1966 62357453 2 103  1 62596264 116.50332 39.7629
1967 31167289 1 93 40 1 264436 115.99638 39.50304
1968 36255033 22 270  1 20114700 116.34215 39.73186
1969 62218460 2 91  1 86666673 116.30929 39.43782
1970 36328830 1 220 40 1 747836 116.58771 40.04952
1971 30442205 1 105 50 1 14770135 117.00621 40.06918
1972 62020983 2 2  1 85708479 116.63492 40.10752
1973 31167290 1 274 60 1 211374 116.4076 39.72108
1974 60695142 8 262  1 87818831 116.11496 39.9366
1975 36255034 22 269  1 14640584 116.33663 39.73181
1976 30442206 1 350 40 1 9000001329906 117.0109 40.03274
1977 36328831 22 4  1 29691748 116.5936 40.07842
1978 62357454 2 356  1 29774353 116.44693 39.7708
1979 40703128 21 223 120 1 12651014 116.33252 39.70533
1980 36562590 1 189 80 1 15154478 116.48569 39.85256
1981 40529621 1 177 100 1 12666226 116.54322 39.92123
1982 62020984 2 91  1 85708482 116.63413 40.1082
1983 31167291 7 270  1 71759701 116.40761 39.721
1984 60695144 6 180  1 87904925 116.09624 39.98573
1985 34543305 1 294 50 1 9000000113805 115.62972 39.64004
1986 36328832 2 171  1 755729 116.59259 40.06281
1987 36255035 5 88  1 373940 116.34499 39.72854
1988 30442207 1 250 70 1 14770282 117.05324 40.08564
1989 36730432 2 351  1 42256664 116.00832 39.7085
1990 31167292 1 86 30 1 71759697 116.41067 39.72082
1991 40703129 20 41 100 1 12651016 116.33266 39.7052
1992 60695145 1 125 60 1 237948 116.09348 39.99687
1993 36562574 2 86  1 19560709 116.48066 39.8253
1994 36593973 2 79  1 26172082 116.35689 39.671
1995 36562592 2 128  1 53884243 116.45394 39.82417
1996 34543306 1 114 60 1 9000000113805 115.62972 39.64004
1997 30442208 1 80 50 1 72770609 117.07577 40.08853
1998 36328833 22 350  1 41719364 116.59338 40.0797
1999 36562593 2 87  1 17185252 116.4805 39.80032
2000 40703130 1 270 100 1 12651019 116.28195 39.69137
2001 62357456 2 18  1 15569252 116.49924 39.76364
2002 36470759 2 289  1 1656052 116.49881 40.13751
2003 31167293 1 89 50 1 9000000111517 116.41067 39.72073
2004 62020985 2 180  1 85708483 116.63494 40.10864
2005 30442209 1 259 50 1 14770283 117.07577 40.08853
2006 34543307 1 62 50 1 88454718 115.62504 39.5767
2007 36562594 2 91  1 53883189 116.44505 39.85395
2008 36255037 5 181  1 86902229 116.33627 39.73195
2009 40703131 1 257 100 1 12651020 116.47532 39.72827
2010 36328834 2 347  1 754333 116.5687 40.06852
2011 34543308 1 242 50 1 88454718 115.62504 39.5767
2012 60695147 1 307 60 1 9000001325830 116.09316 39.99711
2013 31167294 1 184 50 1 30415426 116.40895 39.71917
2014 36562595 2 309  1 60395150 116.45928 39.82035
2015 30442210 1 33 50 1 14770286 117.09489 40.07109
2016 36309169 2 96  1 71369620 116.66918 40.12932
2017 62357457 2 94  1 85518244 116.49675 39.76428
2018 62020986 2 271  1 61585315 116.66641 40.09623
2019 36255038 22 270  1 61534216 116.33122 39.73754
2020 60695148 1 127 60 1 9000001325830 116.09316 39.9971
2021 34543311 1 284 70 1 476582 115.69856 39.57565
2022 40703132 1 76 100 1 12651023 116.47549 39.72817
2023 36562596 1 80 70 1 324977 116.51856 39.7471
2024 31167301 1 267 60 1 71759835 116.46189 39.72636
2025 36255039 2 347  1 39047072 116.32299 39.74332
2026 34739213 6 180  1 453863 116.34557 39.83679
2027 36270363 2 7  1 15086262 116.63851 40.32872
2028 36562597 2 270  1 19238110 116.42861 39.84596
2029 34543312 1 104 30 1 476582 115.69856 39.57565
2030 31167302 1 263 60 1 71759805 116.46189 39.72631
2031 30442212 1 32 60 1 14770288 117.09982 40.07845
2032 36328835 2 99  1 754278 116.58679 40.06043
2033 62357458 2 24  1 29784800 116.49324 39.76421
2034 62060804 22 270  1 15827897 116.51551 39.90806
2035 36255040 2 99  1 414243 116.3325 39.72274
2036 60695152 1 105 40 1 87818824 116.12003 39.92612
2037 40703133 1 128 120 1 12651024 116.7173 39.72491
2038 62020988 2 349  1 15341312 116.74756 40.08723
2039 30442214 1 323 70 1 14770295 117.10899 40.10264
2040 36255041 5 207  1 9000000111783 116.33663 39.72266
2041 36562599 1 90 60 1 604836 116.37503 40.00164
2042 40703134 1 308 120 1 12651027 116.71747 39.72506
2043 62357459 2 3  1 62596177 116.48685 39.76442
2044 60698103 1 76 70 1 39376062 116.26897 40.14859
2045 31167303 1 84 50 1 29784719 116.46488 39.72625
2046 36255042 5 0  1 14367160 116.33064 39.7499
2047 30442215 1 143 70 1 14770296 117.10886 40.10256
2048 34543314 1 185 50 1 54231137 115.71443 39.5666
2049 36328837 2 187  1 41636684 116.56289 40.0717
2050 36563608 2 178  1 18058189 116.65795 39.83612
2051 40703137 20 222 120 1 12651032 116.16265 39.77412
2052 30442216 1 179 40 1 517115 117.11439 40.10852
2053 62357460 2 191  1 29774357 116.44679 39.77142
2054 36255044 22 280  1 14640597 116.33599 39.72762
2055 62255024 2 140  1 19468927 116.50439 39.79954
2056 36328838 2 275  1 41636745 116.56311 40.07146
2057 34543315 1 282 50 1 9000000110103 115.72034 39.55992
2058 31167308 1 247 70 1 226568 116.45186 39.67455
2059 60698104 1 267 70 1 39376064 116.35963 40.09961
2060 40703138 1 40 120 1 12651035 116.16286 39.77399
2061 36563610 5 175  1 16285813 116.67796 39.87573
2062 62020991 2 359  1 49859980 116.66918 40.12315
2063 30854098 1 92 60 1 86889453 116.21614 39.93334
2064 60698109 1 72 50 1 1297322 116.26922 40.12206
2065 36563611 2 104  1 519606 116.73232 39.86006
2066 62290705 2 90  1 460033 116.2636 39.54786
2067 30442218 1 354 40 1 14770313 117.11417 40.11541
2068 62020992 2 180  1 49859979 116.6692 40.12055
2069 31167309 1 67 70 1 226568 116.45189 39.67456
2070 36255047 22 161  1 18712954 116.32663 39.73219
2071 36236152 2 356  1 41121768 116.12006 39.54487
2072 34543316 1 315 50 1 54231206 115.74706 39.53721
2073 40727985 1 357 80 1 680810 116.43428 39.93093
2074 36328839 22 173  1 14451699 116.58648 40.08011
2075 36563612 2 284  1 537952 116.73282 39.86005
2076 60698110 1 157 80 1 1368067 116.2741 40.15982
2077 36255048 22 100  1 14640603 116.33598 39.72752
2078 62357464 2 106  1 62596308 116.50881 39.76501
2079 40727986 1 3 80 1 71113530 116.46174 39.92611
2080 30442219 1 173 40 1 14770314 117.11398 40.11545
2081 62020993 2 29  1 49859981 116.66712 40.1233
2082 61087047 23 353  1 12644723 116.31188 39.87388
2083 36328840 2 352  1 20459802 116.59275 40.06292
2084 60698111 1 158 80 1 70764255 116.27562 40.15619
2085 31167312 1 137 50 1 54198320 115.96665 39.75413
2086 40727987 1 270 80 1 12634906 116.41682 39.98879
2087 62060805 23 271  1 12514227 116.50312 39.90812
2088 36328841 2 351  1 752436 116.59451 40.05141
2089 30442220 1 325 70 1 14770329 117.06502 40.11243
2090 60698112 1 336 80 1 1294425 116.27575 40.15623
2091 36255049 2 359  1 18712904 116.33262 39.73501
2092 62020994 2 87  1 61973625 116.66686 40.12342
2093 62357465 2 202  1 62199917 116.50381 39.77539
2094 36563614 2 307  1 564502 116.61996 39.85507
2095 31167313 1 191 50 1 9000001260671 116.20498 39.66188
2096 36328842 1 170 40 1 87914091 116.59414 40.05371
2097 60746139 1 336 50 1 20166896 116.63034 40.25374
2098 34543318 1 78 50 1 277046 115.75003 39.52515
2099 40727988 1 180 80 1 12676364 116.48976 39.94024
2100 36255051 5 89  1 9000000111757 116.33913 39.72488
2101 30442221 1 146 70 1 14770328 117.06502 40.11243
2102 36563615 7 97  1 586388 116.44823 39.98503
2103 35408363 23 270  1 19357966 116.22422 39.99262
2104 62357466 2 245  1 19362009 116.50925 39.80598
2105 31167314 1 11 50 1 9000001260671 116.20498 39.66188
2106 34543319 1 258 50 1 277046 115.75003 39.52515
2107 60746140 1 33 60 1 404224 116.91388 40.24454
2108 40727989 1 34 90 1 12676365 116.44831 39.99575
2109 46946108 1 270 50 1 87757507 116.37993 39.96835
2110 62020995 2 208  1 14751695 116.66727 40.12357
2111 32919653 1 356 60 1 9000001259252 116.5261 40.12653
2112 36255053 5 270  1 398877 116.33644 39.73342
2113 60755097 1 191 120 1 1643745 116.48464 40.15453
2114 36563616 2 262  1 679574 116.3806 39.99769
2115 36328843 2 220  1 747836 116.5877 40.04951
2116 31167315 1 176 50 1 9000001307065 116.16531 39.58921
2117 40727990 1 225 120 1 12676368 116.46926 39.97122
2118 30442223 1 270 100 1 49107472 116.55107 39.90934
2119 60755104 1 270 60 1 70763748 116.26149 40.21351
2120 36563617 2 90  1 62118231 116.37448 40.01359
2121 34543320 1 332 50 1 277045 115.75262 39.52049
2122 36328844 22 350  1 29691745 116.59335 40.07838
2123 31167316 1 356 50 1 9000001307065 116.16531 39.58923
2124 40727991 1 180 80 1 49143861 116.46155 39.92595
2125 62357468 2 261  1 19355372 116.35888 39.79324
2126 36255054 22 93  1 61533750 116.33658 39.72245
2127 31167317 1 176 50 1 382528 116.19694 39.59893
2128 47073092 1 270 60 1 278373 116.21332 39.9039
2129 36328822 22 150  1 737223 116.5867 40.07888
2130 62357470 2 83  1 318794 116.62066 39.5765
2131 60755105 6 262  1 20234285 116.27018 40.16797
2132 30442225 1 91 100 1 553810 116.55116 39.90901
2133 36255055 22 269  1 18712972 116.33417 39.73179
2134 36328845 2 106  1 754327 116.56303 40.06304
2135 36278694 1 66 50 1 26171081 116.49637 39.80435
2136 31167318 1 356 50 1 382528 116.19693 39.59896
2137 30469175 1 90 90 1 14753139 116.4168 40.0222
2138 62357471 2 170  1 324272 116.62451 39.57346
2139 36328846 22 130  1 740319 116.587 40.0785
2140 32993815 1 326 100 1 14914071 115.43882 39.67326
2141 40727992 1 342 80 1 580934 116.46158 39.95234
2142 62314807 2 266  1 71759746 116.40342 39.68085
2143 36563618 2 269  1 699983 116.34964 40.00102
2144 60785372 1 153 70 1 70116259 116.20538 39.85609
2145 30442227 1 98 80 1 14770659 116.60574 39.90869
2146 40727994 1 300 80 1 12676369 116.4631 39.97563
2147 36328847 22 323  1 30419675 116.59928 40.05238
2148 34543322 1 341 50 1 9000001278603 115.78987 39.52226
2149 36255056 2 0  1 397262 116.33253 39.73986
2150 30442228 1 94 100 1 49107484 116.58166 39.90998
2151 62357472 2 166  1 86666425 116.57158 39.51097
2152 36563619 2 269  1 695599 116.32423 40.0133
2153 60795114 8 268  1 70610143 116.38738 39.90742
2154 62020999 2 291  1 764287 116.68086 40.12103
2155 31167320 1 179 30 1 9000000107933 116.12149 39.57279
2156 34543323 1 161 50 1 9000001278603 115.78986 39.52226
2157 36328848 22 351  1 41719362 116.59314 40.07967
2158 36732913 1 50 60 1 370000 115.87744 40.36309
2159 60795115 7 90  1 629674 116.42436 39.87131
2160 36255057 2 273  1 379344 116.33603 39.72258
2161 30442229 1 51 100 1 14770661 116.52753 39.83352
2162 62357473 2 270  1 62592020 116.57181 39.51085
2163 36328849 22 350  1 41719365 116.59325 40.08042
2164 36593953 2 169  1 212948 116.4067 39.71205
2165 62021000 2 294  1 61973614 116.70239 40.12143
2166 30442230 1 234 100 1 14770662 116.52714 39.8334
2167 40727996 1 358 80 1 685447 116.46183 39.94458
2168 36255058 2 272  1 86526251 116.17972 39.5507
2169 60798139 1 275 30 1 569431 116.24831 40.1723
2170 36563622 7 138  1 579225 116.45023 39.98383
2171 36328850 2 50  1 30419741 116.50672 40.00648
2172 46971174 1 142 120 1 87901765 116.30899 40.08079
2173 40727997 1 303 80 1 675454 116.44953 39.96114
2174 31167321 1 359 30 1 9000000107933 116.12149 39.57281
2175 30442231 1 10 80 1 14770665 116.48746 39.86199
2176 36563623 7 304  1 19361738 116.46106 39.97697
2177 32941676 8 273  1 42171985 116.32082 39.93935
2178 60798140 1 327 60 1 415303 116.57721 39.75597
2179 34543325 1 156 50 1 86287792 115.81757 39.57233
2180 36255059 1 145 50 1 71712665 115.41361 39.73779
2181 40727998 1 270 80 1 12676374 116.38005 39.96824
2182 36328851 7 54  1 740232 116.58917 40.05141
2183 36563624 2 2  1 670244 116.38041 39.9975
2184 36354301 2 166  1 71760067 116.30693 39.78535
2185 34543326 1 267 50 1 54231489 115.9088 39.57334
2186 30442232 1 7 80 1 14770667 116.48967 39.87571
2187 31167322 1 198 40 1 86526607 116.03116 39.60882
2188 36562578 1 320 60 1 19560778 116.47254 39.80865
2189 40727999 1 89 80 1 15154469 116.3983 39.96856
2190 36563625 2 81  1 88252316 116.3803 39.99757
2191 62357475 2 84  1 15076698 116.62385 39.57685
2192 36255060 1 338 40 1 18569319 115.44508 39.68184
2193 30442233 23 272  1 14770668 116.53938 39.86942
2194 34543327 1 87 50 1 54231489 115.9088 39.57334
2195 62021002 2 178  1 40194864 116.65721 40.12294
2196 31167323 1 18 50 1 86526607 116.03116 39.60883
2197 40728000 1 90 80 1 13208389 116.40526 39.949
2198 36563626 7 322  1 686638 116.38019 39.98253
2199 62357476 2 172  1 62591979 116.62132 39.57315
2200 30442234 23 92  1 14770671 116.53937 39.86927
2201 34543328 6 266  1 265666 115.88784 39.56796
2202 60858096 8 5  1 40385285 116.18462 39.74262
2203 36290672 2 356  1 584033 116.24446 40.22078
2204 36328853 22 0  1 30419665 116.58981 40.07933
2205 31167324 1 237 40 1 14656334 116.06347 39.63239
2206 36255061 1 176 50 1 26207080 115.43027 39.69679
2207 62021003 9 268  1 18062127 116.66114 40.1229
2208 60858097 1 220 60 1 18711666 116.31971 39.47977
2209 30442235 1 180 80 1 14770690 116.48967 39.90797
2210 62357477 2 83  1 15076724 116.6212 39.57302
2211 60944186 23 271  1 30016257 116.45836 39.88449
2212 40728001 1 269 80 1 31864832 116.41233 39.9691
2213 36563627 2 268  1 683171 116.37647 39.98221
2214 34543329 6 86  1 265666 115.88785 39.56796
2215 36328854 2 350  1 55117498 116.59165 40.07028
2216 31167326 1 45 60 1 398399 116.12449 39.70702
2217 62021004 2 272  1 31966125 116.66954 40.10367
2218 60858140 1 69 80 1 41810305 116.22565 39.76633
2219 62016124 2 267  1 60394779 116.40282 39.61629
2220 36328855 22 171  1 751081 116.59454 40.04879
2221 34543330 9 352  1 14656162 116.06279 39.71364
2222 40728004 1 225 60 1 696359 116.44993 39.95383
2223 32918655 1 270 50 1 9000000101982 116.67247 40.3474
2224 36328944 18 173  1 452662 116.31039 39.88579
2225 36563629 7 119  1 701086 116.3671 40.00508
2226 40728006 1 213 90 1 12676383 116.44773 39.9962
2227 62021005 2 94  1 61973529 116.66867 40.10371
2228 36255063 2 275  1 71551469 115.92481 39.52668
2229 36414884 2 3  1 618152 116.48989 39.91287
2230 31167329 15 87  1 31882803 116.09991 39.72053
2231 62357479 2 268  1 321613 116.61741 39.50921
2232 60858141 1 249 80 1 17735122 116.22562 39.7665
2233 30442239 1 0 40 1 14770699 116.49004 39.9088
2234 34543339 1 319 40 1 368705 116.8728 40.76465
2235 62021006 2 265  1 50109003 116.66089 40.10404
2236 36255064 2 96  1 26133046 115.92361 39.5268
2237 36563630 7 333  1 663587 116.37696 39.99248
2238 40728007 1 45 120 1 12676385 116.46975 39.97141
2239 30442240 1 0 80 1 14770700 116.48989 39.9088
2240 46946143 1 0 70 1 87757631 116.40786 39.96531
2241 31167330 1 262 60 1 9000000794143 116.7728 39.59023
2242 60859122 1 269 50 1 88702366 116.28795 40.16907
2243 36563631 2 88  1 39862537 116.34863 40.00085
2244 36255065 2 233  1 39225044 115.97034 39.51755
2245 30442241 1 90 80 1 14770703 116.50834 39.90785
2246 36328945 9 320  1 510500 116.28711 39.86159
2247 62021007 2 186  1 49859999 116.64538 40.12195
2248 31167331 1 82 40 1 12651007 116.77283 39.59015
2249 36563632 2 88  1 695601 116.32579 40.01324
2250 62357480 2 96  1 62592031 116.5952 39.50823
2251 60859123 1 173 80 1 20234266 116.28945 40.17312
2252 46946110 1 89 50 1 87757524 116.38787 39.96814
2253 34543340 1 139 30 1 368705 116.8728 40.76465
2254 30466106 1 269 70 1 14165443 116.35903 39.91398
2255 34543231 8 90  1 70040508 116.36106 39.96766
2256 40728009 1 270 80 1 665045 116.37897 39.94892
2257 36563633 7 268  1 681810 116.38547 39.98791
2258 36283654 2 15  1 40385344 116.56216 40.10775
2259 60859124 1 268 60 1 12710060 116.38624 40.00205
2260 31167332 1 344 40 1 15076809 116.7752 39.58958
2261 40728010 1 48 120 1 669232 116.47639 39.97744
2262 34543341 1 68 40 1 18702186 117.03285 40.3583
2263 30466107 1 90 70 1 14165445 116.359 39.91388
2264 36563634 2 228  1 737178 116.51488 40.01145
2265 62357481 2 0  1 324272 116.62425 39.57503
2266 31167279 1 257 60 1 86288383 115.96121 39.56123
2267 60859226 1 273 60 1 62347645 116.56123 39.76344
2268 36349759 2 77  1 39669510 116.26857 40.16272
2269 62021009 2 42  1 61676245 116.66211 40.13876
2270 34543342 1 48 40 1 18702203 117.10157 40.3927
2271 32935610 1 181 80 1 459047 116.29491 39.89954
2272 31167334 1 189 60 1 41625034 116.28228 39.42602
2273 30466108 1 270 60 1 546725 116.43192 39.91561
2274 40728011 1 183 80 1 671623 116.43364 39.9441
2275 36362117 1 117 40 1 808749 116.53806 39.97542
2276 36563635 2 127  1 30419748 116.51471 40.01145
2277 36349760 2 255  1 39669504 116.26921 40.16298
2278 30442196 1 82 70 1 14680444 117.01879 40.14209
2279 34543343 1 228 40 1 18702203 117.10157 40.3927
2280 62021010 2 2  1 20277268 116.65135 40.13424
2281 30466109 1 90 60 1 546727 116.43192 39.91553
2282 36563636 7 130  1 663502 116.37648 39.99265
2283 40728012 1 120 80 1 12676387 116.46328 39.97531
2284 36255068 1 121 50 1 71712664 115.42686 39.72751
2285 60859227 1 93 60 1 62347647 116.56123 39.76336
2286 36349761 2 160  1 39669498 116.26876 40.16305
2287 34543344 1 287 50 1 18702057 117.2162 40.42162
2288 40728013 1 304 80 1 15154481 116.47965 39.96472
2289 62357483 2 349  1 318545 116.62083 39.57644
2290 60859229 1 270 50 1 39765026 116.66258 40.31579
2291 31167336 1 273 60 1 30016815 116.31948 39.45321
2292 36255069 2 103  1 18666683 115.92954 39.53197
2293 30466110 1 270 70 1 87729024 116.43416 39.90516
2294 35408264 18 264  1 452225 116.36933 39.86994
2295 36349762 2 75  1 70764298 116.2647 40.1514
2296 62357484 2 266  1 321975 116.62397 39.57686
2297 40728014 1 123 80 1 71113507 116.44924 39.96115
2298 36266825 2 185  1 70763849 116.27429 40.2079
2299 34543345 1 37 60 1 261518 117.01689 40.44918
2300 36255070 2 228  1 265254 115.93003 39.53213
2301 36563638 2 182  1 19633482 116.38041 39.99773
2302 36349763 2 150  1 40385168 116.26923 40.12288
2303 30466111 1 89 60 1 87729025 116.43416 39.90505
2304 31167337 1 94 60 1 30016813 116.31926 39.45301
2305 60860093 8 269  1 12514241 116.56233 39.90948
2306 34543346 1 1 40 1 861511 117.1632 40.69332
2307 40728015 1 180 80 1 12676392 116.37981 39.96371
2308 36255071 1 265 40 1 71712835 115.37722 39.68842
2309 36349764 2 338  1 70764250 116.2766 40.15426
2310 36563639 2 101  1 689453 116.36351 40.00877
2311 34543347 1 162 70 1 861543 117.16367 40.68712
2312 30466112 1 351 60 1 41629740 116.43642 39.90457
2313 60860094 1 89 70 1 54908445 116.26922 39.7696
2314 62016125 2 218  1 339869 116.51092 39.67278
2315 40728016 1 90 80 1 677943 116.39113 39.94889
2316 36255072 1 325 40 1 71712665 115.41361 39.73779
2317 62021013 2 76  1 61973821 116.64216 40.04673
2318 36349765 2 173  1 70565071 116.4081 40.12913
2319 31167338 1 183 60 1 18863083 116.31003 39.46685
2320 36563640 7 100  1 584951 116.41237 39.98847
2321 30466113 1 178 50 1 14165573 116.31006 39.89362
2322 36255073 1 189 60 1 18569433 115.48774 39.639
2323 40728017 1 227 120 1 12676394 116.45949 39.96251
2324 62021014 2 339  1 61973738 116.64269 40.04622
2325 62357486 2 352  1 324262 116.62454 39.57327
2326 36563641 7 88  1 580931 116.43483 39.98911
2327 31167339 1 2 60 1 41625064 116.3102 39.46674
2328 36349766 2 157  1 40387164 116.27831 40.16918
2329 30466119 1 301 50 1 49966204 116.32408 39.85108
2330 34543348 1 230 100 2 399828 117.18345 40.58286
2331 60860095 1 29 30 1 18063748 116.57318 40.26439
2332 36562581 2 358  1 61040425 116.41519 39.83816
2333 31191037 1 350 30 1 17210894 116.33028 40.44126
2334 30466121 1 90 50 1 39124515 116.33902 39.84872
2335 61000132 1 351 80 1 40387220 116.28956 40.17352
2336 36563642 2 315  1 695616 116.33596 40.00913
2337 34543349 1 301 50 1 891673 116.75609 40.63258
2338 36349767 2 76  1 40392502 116.27076 40.15811
2339 36563643 7 90  1 676846 116.41528 39.98858
2340 60865123 1 245 60 1 27991046 116.70527 39.93686
2341 62357488 2 267  1 15076705 116.62117 39.57478
2342 30466122 1 271 50 1 453834 116.33902 39.84915
2343 36255075 1 357 50 1 26207022 115.4068 39.75288
2344 62254915 2 173  1 18758797 116.481 39.7662
2345 31191039 1 11 30 1 18062080 116.35472 40.47658
2346 36349768 2 153  1 70764303 116.2647 40.15214
2347 40728019 1 0 80 1 15154465 116.4338 39.94432
2348 36563644 2 49  1 755941 116.51475 40.01132
2349 62357489 2 172  1 329900 116.62072 39.57656
2350 35124293 8 283  1 668088 116.45745 39.92037
2351 36255076 1 177 50 1 26207022 115.4068 39.75287
2352 30466123 1 5 50 1 14165615 116.34705 39.85302
2353 31191040 1 191 50 1 18062080 116.35472 40.47658
2354 60866093 8 271  1 19496020 116.52353 39.92387
2355 36349769 2 263  1 1662380 116.41415 40.08919
2356 36563645 7 325  1 60923573 116.36735 40.00525
2357 30466124 1 0 50 1 14165637 116.37169 39.85706
2358 40728020 1 124 80 1 12676397 116.47962 39.96455
2359 62357490 2 272  1 55191251 116.59762 39.50821
2360 62021018 2 86  1 72305522 116.22693 39.92951
2361 36255077 1 187 50 1 71713022 115.40768 39.80616
2362 31191041 1 27 30 1 85496818 116.39998 40.49972
2363 36565722 2 88  1 53873279 116.37203 39.98196
2364 61000116 8 124  1 87757704 116.44309 39.96517
2365 30466125 1 180 50 1 14165639 116.37122 39.85636
2366 36349770 2 356  1 70768907 116.41385 40.08873
2367 60866094 5 89  1 19633626 116.51977 39.92579
2368 40728022 1 180 80 1 12676402 116.48975 39.92279
2369 62357491 2 85  1 318411 116.62097 39.57476
2370 62163086 2 69  1 316482 116.23526 39.99865
2371 34543351 21 41 120 1 88136814 116.16247 39.77355
2372 36565723 2 269  1 70199199 116.37283 39.98211
2373 31191042 1 207 30 1 85496818 116.39998 40.49972
2374 60866095 1 274 70 1 424833 116.03223 39.60124
2375 36565724 7 124  1 366307 116.37186 39.99875
2376 62357492 2 265  1 15076697 116.62089 39.57653
2377 36255078 1 7 50 1 71713022 115.40768 39.80617
2378 62357447 2 92  1 14190914 116.49299 39.76447
2379 46800202 1 174 80 1 87729016 116.4453 39.88433
2380 30466127 1 0 70 1 14165664 116.36436 39.86935
2381 36565725 7 322  1 42172070 116.37344 39.99747
2382 62357493 2 350  1 62591990 116.62145 39.57291
2383 40728023 1 90 80 1 12676404 116.37958 39.98755
2384 36255079 1 192 50 1 71550977 115.99561 39.59233
2385 34543367 1 128 70 1 71113667 116.23143 39.89107
2386 31191044 1 139 40 1 773798 116.40219 40.50823
2387 62357494 2 89  1 62592018 116.5715 39.51071
2388 30466128 1 178 70 1 14165661 116.36417 39.86932
2389 60866096 1 94 70 1 424834 116.03222 39.60115
2390 36255080 1 112 40 1 26207242 115.39401 39.67874
2391 40728027 1 99 80 1 88075213 116.43821 39.98897
2392 36349774 2 68  1 85159611 116.5565 40.25486
2393 30466129 1 270 50 1 631853 116.4443 39.85909
2394 62357495 2 343  1 22641108 116.57167 39.51056
2395 36565727 7 268  1 394710 116.34482 39.98668
2396 34543368 8 308  1 283939 116.2316 39.89122
2397 36255081 1 356 40 1 26207080 115.43027 39.6968
2398 36349775 2 76  1 70764294 116.26227 40.15595
2399 30466130 1 92 50 1 49046066 116.44429 39.85865
2400 60866097 6 238  1 9000001262538 116.03861 39.61751
2401 32993670 8 130  1 60885268 116.67274 39.88063
2402 31191046 1 143 40 1 773798 116.40141 40.50916
2403 40728028 1 180 80 1 687256 116.46166 39.94434
2404 62030872 2 165  1 49107217 116.57383 39.86544
2405 36565728 2 90  1 410942 116.33998 39.99291
2406 62357496 2 170  1 324275 116.62424 39.57517
2407 30466131 1 90 50 1 549318 116.4594 39.87617
2408 36255082 1 9 50 1 18569433 115.48774 39.639
2409 31191047 1 299 40 1 19607812 116.67484 40.29795
2410 40728029 1 322 80 1 96579607 116.37539 39.99468
2411 60866098 6 5  1 17642772 116.14672 39.66953
2412 30466132 1 186 70 1 14165857 116.48699 39.86195
2413 36255083 2 47  1 86288331 115.92393 39.52638
2414 31191048 1 119 40 1 19607812 116.67484 40.29795
2415 36565729 2 355  1 31966330 116.33731 39.99855
2416 40728030 1 142 80 1 12676412 116.37523 39.99462
2417 62314813 2 195  1 61200485 116.69417 39.61734
2418 60866099 1 185 40 1 17642770 116.14654 39.66956
2419 36349776 2 331  1 70764299 116.2653 40.1514
2420 31204149 1 276 120 1 245194 116.99266 39.79844
2421 34543370 1 245 70 1 17194547 116.22536 39.87004
2422 62016127 1 333 40 1 61200661 116.46354 39.72556
2423 36255084 2 14  1 71551377 115.97286 39.52204
2424 36565730 2 176  1 31966314 116.33718 39.99921
2425 40728031 1 0 80 1 12676413 116.46179 39.92955
2426 36362298 2 274  1 85626064 116.32563 40.18305
2427 34543371 1 64 60 1 87422857 116.21954 39.8671
2428 62030874 1 270 80 1 12514206 116.50614 39.87082
2429 31204150 1 96 120 1 249664 116.99264 39.79825
2430 35408267 18 50  1 49244490 116.52623 40.23451
2431 36349777 2 336  1 1753136 116.49957 40.1857
2432 60866100 1 5 40 1 17642772 116.14672 39.66954
2433 62357498 2 87  1 320915 116.61675 39.50907
2434 36565731 2 177  1 410096 116.30822 39.98021
2435 30466134 1 270 70 1 19368542 116.47381 39.88445
2436 31204151 1 17 20 1 283322 116.77445 39.59331
2437 62030875 9 167  1 49107217 116.57382 39.86548
2438 34543379 1 334 80 1 500679 116.31369 39.86225
2439 40728032 1 181 80 1 71113525 116.46159 39.92952
2440 36349778 2 95  1 70618470 116.65822 40.34835
2441 36565732 2 357  1 16589565 116.30837 39.97985
2442 36255096 2 85  1 17310501 116.32436 40.08759
2443 31204152 1 45 60 1 249242 116.47919 39.47494
2444 30466135 1 90 70 1 14165929 116.47381 39.88431
2445 62357499 2 350  1 62591983 116.62113 39.5747
2446 34543382 6 139  1 451083 116.31572 39.85894
2447 62030876 2 267  1 557929 116.57653 39.87513
2448 36565733 1 77 80 1 392286 116.29765 39.98447
2449 32993704 7 269  1 535072 116.66748 39.84146
2450 62357448 1 267 70 1 307506 116.45318 39.7661
2451 36349779 2 158  1 70764254 116.27608 40.15506
2452 31204153 1 67 80 1 12856877 117.28307 40.68373
2453 46971188 1 100 100 1 87938880 117.19291 40.13225
2454 62357500 2 348  1 324275 116.62393 39.57676
2455 40728033 1 88 80 1 12676415 116.41235 39.96894
2456 36255097 8 163  1 87938541 116.37191 40.03368
2457 30466136 23 0  1 14165992 116.49011 39.88701
2458 36349780 2 340  1 69595541 116.50839 40.24899
2459 34543384 8 269  1 49065408 116.33918 39.849
2460 31204154 1 312 110 1 283215 116.77898 39.59049
2461 40728035 1 355 80 1 87757954 116.43386 39.94089
2462 36255098 2 0  1 49360806 116.41712 40.06103
2463 60866102 1 78 70 1 382798 116.10596 39.72137
2464 31204155 1 135 90 1 282101 116.77815 39.59108
2465 40728036 1 180 80 1 12676419 116.43371 39.94072
2466 30466137 23 5  1 625947 116.48994 39.8764
2467 62030877 1 272 90 1 14770668 116.53942 39.86942
2468 62357501 2 172  1 323904 116.6239 39.57694
2469 31204157 1 7 120 1 28298959 116.28283 39.46606
2470 36255099 2 90  1 49911683 116.53905 40.08092
2471 36349781 2 336  1 70764256 116.27266 40.16355
2472 40728037 1 48 80 1 582289 116.45002 39.95369
2473 30466138 23 183  1 14166067 116.48931 39.87684
2474 36270374 2 84  1 85159842 116.6304 40.31583
2475 60866103 1 259 60 1 380418 116.10594 39.72147
2476 40728038 1 179 80 1 680814 116.43408 39.93092
2477 36354173 2 90  1 69903603 116.33918 39.73756
2478 60866104 6 78  1 382798 116.10596 39.72137
2479 62357890 1 169 50 1 16442776 115.93396 40.34705
2480 36255100 2 359  1 41508256 116.15284 40.13179
2481 30466143 23 90  1 630311 116.46289 39.83353
2482 36328827 2 282  1 741879 116.56383 40.06298
2483 34543387 8 0  1 87808785 116.37453 39.87365
2484 31204158 1 186 120 1 12650961 116.28266 39.46636
2485 60866105 6 259  1 380418 116.10594 39.72147
2486 62357891 1 349 50 1 16442776 115.93396 40.34705
2487 40728043 1 270 80 1 12676429 116.39305 39.98812
2488 36354175 2 90  1 397300 116.33217 39.74624
2489 30466144 23 262  1 627467 116.46268 39.83403
2490 36255101 2 262  1 691091 116.33753 40.05876
2491 31204159 1 46 120 1 249169 116.41318 39.42099
2492 62030878 1 92 90 1 41577366 116.53939 39.86927
2493 34543388 8 180  1 87808783 116.37428 39.87375
2494 60867093 8 280  1 630744 116.46976 39.91649
2495 40728044 1 90 80 1 12676431 116.39432 39.98799
2496 36565748 2 352  1 42259783 116.38099 39.76394
2497 36354176 1 106 60 1 61034250 116.51369 39.76698
2498 30466145 23 9  1 14443668 116.48612 39.85245
2499 62357892 18 94  1 16442858 115.96105 40.36467
2500 36255102 2 52  1 691078 116.33172 40.05699
2501 62030879 1 276 50 1 72058201 116.51382 39.87084
2502 36565749 2 78  1 42259897 116.63383 39.66033
2503 40728045 1 270 80 1 12676433 116.40509 39.94912
2504 60867094 22 183  1 622242 116.4894 39.87838
2505 34543389 8 180  1 87808784 116.37428 39.87421
2506 36327429 2 89  1 377418 116.35303 39.72168
2507 40728046 1 84 80 1 12634904 116.41734 39.98864
2508 36255103 2 270  1 581638 116.4218 40.07422
2509 62357893 18 301  1 30016528 116.13158 40.25275
2510 36354177 5 194  1 18712553 116.33248 39.7221
2511 31204160 1 153 70 1 14919978 115.41313 39.99252
2512 30466146 23 188  1 14443666 116.48549 39.85263
2513 62030880 2 93  1 556832 116.56362 39.86809
2514 60867095 22 0  1 680236 116.46196 39.93005
2515 30930051 1 344 40 1 40601255 116.65026 40.10079
2516 31167285 1 177 50 1 86288276 115.97086 39.57684
2517 40728047 1 123 80 1 12676437 116.4517 39.98293
2518 36354180 2 181  1 62385937 116.31472 39.74684
2519 62357894 18 272  1 358285 115.99503 40.36098
2520 34543390 8 88  1 30015455 116.37014 39.89957
2521 36565752 2 90  1 72579709 116.43181 39.76618
2522 30466147 1 295 40 1 14443744 116.52241 39.83604
2523 46087116 1 40 70 1 86889206 115.91937 39.62619
2524 31204162 1 164 80 1 667716 116.37841 39.98733
2525 34758226 1 158 50 1 18913797 117.01758 39.67155
2526 60867180 1 359 50 1 72495663 116.60821 40.13845
2527 34543391 8 268  1 445399 116.37204 39.89977
2528 36580363 2 355  1 15253361 116.55166 40.10136
2529 62357895 18 124  1 368376 115.99132 40.35049
2530 36255104 2 266  1 17310509 116.32477 40.08771
2531 62030881 2 173  1 557971 116.57416 39.86277
2532 30911073 1 174 60 1 14452204 116.40236 39.80629
2533 62357896 1 70 60 1 28216426 115.99887 40.52673
2534 46087117 1 220 70 1 86889205 115.91937 39.62619
2535 34543392 8 0  1 454218 116.37458 39.89649
2536 30466148 1 117 40 1 9000000130541 116.52241 39.83604
2537 60867181 1 180 50 1 72495660 116.60813 40.13844
2538 31204163 1 342 80 1 682531 116.37843 39.98801
2539 46122104 1 176 60 1 87767660 116.31536 39.99565
2540 36255105 2 181  1 519314 116.14065 40.1411
2541 62359951 2 81  1 20165424 115.97917 40.47178
2542 62030882 2 162  1 87880865 116.57673 39.85711
2543 36580366 1 94 60 1 49854719 116.58872 40.17343
2544 36354182 2 86  1 61534166 116.3544 39.74301
2545 34543393 8 180  1 62269843 116.37426 39.88159
2546 30466149 23 16  1 14443747 116.5353 39.84055
2547 46143090 1 299 70 1 87409433 116.17214 39.80721
2548 62359952 2 346  1 50123460 115.99271 40.47843
2549 36580367 2 256  1 85624013 116.26719 40.14828
2550 34543394 8 0  1 40248453 116.37449 39.88106
2551 31204165 1 270 80 1 408564 116.35114 39.96776
2552 46777234 1 269 50 1 85518587 116.57922 40.36328
2553 60875094 1 340 60 1 71760252 116.13904 39.90387
2554 62030883 2 86  1 85634537 116.58236 39.87548
2555 31204166 1 211 30 1 49066013 115.9532 40.37453
2556 40687093 1 183 80 1 12634679 116.46128 39.88981
2557 34543395 1 358 60 1 443029 116.3637 39.88496
2558 36580368 2 329  1 70764307 116.26719 40.14781
2559 46777235 1 88 60 1 85518586 116.57922 40.36328
2560 36445986 2 270  1 62338480 116.33845 39.75025
2561 30466157 1 352 70 1 14444289 116.48417 39.63024
2562 36255107 2 277  1 9000000096249 116.21811 40.12224
2563 34543396 1 180 60 1 443035 116.36354 39.88494
2564 31204168 1 91 100 1 475097 115.77431 40.44633
2565 32919620 8 173  1 88052609 116.36709 39.80118
2566 34543300 6 180  1 86889696 116.18342 39.73091
2567 46777236 1 14 60 1 85518589 116.5581 40.37397
2568 36354184 2 83  1 86902122 116.32592 39.71338
2569 30475201 1 278 120 1 14728425 116.87768 39.80116
2570 30466158 1 172 70 1 14444288 116.48417 39.63024
2571 62359954 2 344  1 596985 115.97249 40.44559
2572 31204169 1 140 100 1 804007 116.53285 39.95194
2573 36580369 1 274 70 1 49854717 116.58879 40.17358
2574 36354185 2 27  1 337424 116.50633 39.74996
2575 34543397 8 90  1 62269800 116.36879 39.88918
2576 36255108 2 85  1 20459755 116.23988 40.12092
2577 30466159 1 187 70 1 9000001250112 116.49409 39.62439
2578 46971604 1 262 30 1 88558391 116.79851 39.94312
2579 46777237 1 196 60 1 85518588 116.5581 40.37397
2580 36580370 2 275  1 1529113 116.33763 40.22075
2581 36354186 2 334  1 290285 116.23229 39.849
2582 62359955 1 258 50 1 70207217 115.93715 40.4545
2583 46777238 1 277 60 1 16365113 116.38293 40.36191
2584 34543398 8 271  1 30075904 116.35582 39.88952
2585 31204170 1 186 70 1 49088972 116.35612 39.94395
2586 36580371 2 88  1 88739476 116.57765 40.11613
2587 30466160 1 7 70 1 14444293 116.49409 39.62439
2588 60875096 1 6 100 1 570143 116.15543 40.13168
2589 62030885 2 353  1 556368 116.574 39.86495
2590 62357451 2 272  1 17209429 116.33681 39.79056
2591 46777239 1 92 60 1 19859247 116.38293 40.36191
2592 36580372 22 169  1 50100133 116.60783 40.10592
2593 60875097 1 184 100 1 516221 116.15523 40.13145
2594 31204171 1 356 80 1 408599 116.35581 39.93561
2595 34543399 8 76  1 70011952 116.32229 39.88946
2596 62030886 2 87  1 562942 116.576 39.87509
2597 36270377 2 173  1 88652988 116.73875 40.33019
2598 30466161 1 264 50 1 14444294 116.49695 39.61727
2599 36580373 2 177  1 15253355 116.55184 40.0971
2600 62359956 2 261  1 603357 115.97737 40.47156
2601 31204175 1 260 100 1 32246714 116.72086 39.9244
2602 36354189 2 86  1 530562 116.63191 39.89202
2603 36255110 2 74  1 19689097 116.30373 40.09595
2604 61000121 8 0  1 12676413 116.46179 39.92949
2605 46777242 1 342 60 1 14760712 116.67526 40.42627
2606 36580374 2 186  1 15253343 116.55102 40.08902
2607 34552492 6 181  1 16337293 116.301 39.41713
2608 60875098 9 71  1 70207479 116.26918 40.12207
2609 31204176 1 4 50 1 665047 116.38117 39.97235
2610 32943678 8 179  1 636464 116.39842 39.88746
2611 36354190 2 0  1 69903598 116.33943 39.73737
2612 62359957 2 261  1 50123546 115.98403 40.47265
2613 36255111 2 176  1 1282057 116.31889 40.0875
2614 36580375 2 87  1 28016849 116.55042 40.11231
2615 46777243 1 159 60 1 85518689 116.67514 40.4262
2616 30466162 1 87 50 1 14444295 116.49695 39.61727
2617 34552493 1 276 20 1 18863345 116.32826 39.44029
2618 34543302 6 358  1 306680 116.16687 39.72038
2619 36354191 2 261  1 86902125 116.32638 39.71359
2620 31204177 1 358 70 1 410659 116.35495 39.96149
2621 32993675 6 234  1 16460342 116.64294 39.87702
2622 60875100 1 337 50 1 1906905 117.36547 40.20155
2623 36255112 2 353  1 697925 116.33476 40.07273
2624 46777244 1 340 60 1 85518684 116.67701 40.42158
2625 62030888 1 90 90 1 49107078 116.50614 39.87065
2626 31204180 23 270  1 369741 116.35958 39.96788
2627 34552494 1 96 20 1 50491426 116.32825 39.44013
2628 62030889 2 265  1 87880855 116.57697 39.857
2629 40529637 1 10 90 1 12666245 116.21764 39.96074
2630 36255113 2 166  1 61017676 116.35466 40.03711
2631 60875101 1 157 50 1 1906905 117.36546 40.20157
2632 31204181 1 133 80 1 87904652 116.13492 39.91884
2633 36580377 2 269  1 50100174 116.57857 40.11634
2634 46777245 1 160 60 1 85518685 116.67686 40.42157
2635 62030890 9 353  1 556368 116.574 39.86494
2636 62359959 1 75 60 1 601684 115.99244 40.46767
2637 30466164 1 111 60 1 14444390 116.53301 39.60067
2638 34552495 1 94 40 1 58310032 116.27901 39.45592
2639 36255114 2 269  1 49205087 116.41408 40.0581
2640 36362302 2 270  1 70763821 116.28836 40.21741
2641 36580378 1 173 60 1 30212383 116.61359 40.18008
2642 60880093 1 7 90 1 277410 116.21149 39.91645
2643 36276426 2 178  1 70769335 116.46781 39.99806
2644 46777248 1 182 60 1 85518708 116.66068 40.45616
2645 30466165 1 212 70 1 14444491 116.62085 39.62277
2646 62359960 1 171 40 1 596988 115.97288 40.44309
2647 36255115 2 98  1 87906864 116.21724 40.12216
2648 62044613 2 207  1 49065998 116.36363 39.91449
2649 34552496 1 274 40 1 58310030 116.27897 39.45608
2650 46777249 1 147 70 1 609737 115.89302 40.42408
2651 30466166 1 34 70 1 14444492 116.62085 39.62277
2652 36255116 2 270  1 1286584 116.25248 40.12126
2653 36354194 2 271  1 15832411 116.63246 39.89223
2654 34552497 1 274 80 1 28298526 116.28112 39.46276
2655 62359961 1 351 40 1 596988 115.97288 40.4431
2656 31204187 1 355 70 1 527118 116.29635 39.65629
2657 36580380 2 271  1 85626429 116.23022 40.20048
2658 35415255 8 262  1 84961780 116.11555 39.93668
2659 46777252 1 333 60 1 85731501 116.02419 40.44247
2660 30466167 1 189 70 1 9000001325341 116.69301 39.62992
2661 31204188 1 175 50 1 527118 116.29636 39.65622
2662 62044614 7 267  1 72066003 116.13517 39.88921
2663 46777253 1 154 60 1 85731502 116.02405 40.4424
2664 62359962 1 153 40 1 606581 115.96499 40.46667
2665 36354195 5 88  1 376947 116.33558 39.72484
2666 31204189 1 59 70 1 60886138 117.14305 40.19634
2667 34552499 1 273 70 1 18784353 116.2804 39.45881
2668 36735705 2 171  1 1541870 117.2078 40.2103
2669 60881093 1 261 60 1 87717054 116.03836 39.87559
2670 30466168 1 338 70 1 14593750 116.69256 39.64098
2671 62044615 2 0  1 49065969 116.36338 39.90372
2672 36255117 2 137  1 689548 116.32565 40.04952
2673 31204190 1 239 70 1 60886138 117.14305 40.19634
2674 36354196 2 0  1 406623 116.31419 39.74989
2675 46777258 1 115 70 1 85731758 116.06206 40.42374
2676 30466169 1 158 70 1 14593751 116.6924 39.64095
2677 46777259 1 294 70 1 85731759 116.06127 40.4244
2678 36354197 22 190  1 740365 116.61804 40.04811
2679 36255119 2 233  1 32228482 116.32475 40.05178
2680 31204191 1 49 50 1 30223180 117.18748 40.10344
2681 32918671 1 221 50 1 87717245 115.98907 39.96465
2682 36580383 2 151  1 70764306 116.26668 40.1483
2683 62016131 2 88  1 14614022 116.40529 39.7338
2684 62359964 2 164  1 601831 115.99243 40.47882
2685 60881094 1 81 60 1 87717052 116.03837 39.87548
2686 30466170 1 336 70 1 14593766 116.69063 39.64551
2687 36354198 22 224  1 740358 116.61919 40.04992
2688 31204192 1 229 50 1 30223180 117.18748 40.10344
2689 36419342 7 107  3 85159439 116.56819 40.03648
2690 62044616 2 16  1 49065984 116.36349 39.91357
2691 62359965 1 60 50 1 20165623 115.98835 40.41955
2692 34556210 1 31 30 1 752598 116.61645 40.04103
2693 36580385 2 29  1 88252265 116.5422 40.12588
2694 30466171 1 156 70 1 14593763 116.69046 39.6455
2695 60938103 1 37 40 1 472158 116.17683 39.77864
2696 36255120 2 266  1 19689187 116.31939 40.08712
2697 62044617 2 180  1 60885640 116.29491 39.90415
2698 62359966 2 261  1 16524799 115.97893 40.47638
2699 46777261 1 333 60 1 85731836 116.00446 40.46981
2700 34556213 1 266 60 1 711177 116.25937 40.04775
2701 31204194 1 98 50 1 1908522 117.36728 40.18005
2702 36354200 22 328  1 755785 116.61456 40.04783
2703 30466172 1 297 70 1 14593785 116.67874 39.65741
