1 31150152 1 335 80 1 72291800 116.71705 40.84043
2 62314281 2 21  1 395715 116.32105 39.68111
3 36308728 1 179 40 1 613849 116.45737 39.87071
4 61999074 2 32  1 16739747 116.65865 40.39715
5 46946298 1 228 60 1 88075267 116.4647 39.96813
6 36420382 5 270  1 85280610 116.29534 39.90903
7 35411245 8 90  1 87757493 116.39539 39.97687
8 40566400 1 88 100 1 12514240 116.56526 39.90919
9 40529641 1 72 90 1 12666253 116.22884 39.99649
10 46946299 1 49 60 1 88075270 116.46479 39.96798
11 36308729 2 91  1 30016115 116.44103 39.86582
12 31150153 1 285 60 1 72291815 116.66285 40.86452
13 36420383 22 270  3 453747 116.32664 39.89724
14 36665253 2 358  1 628941 116.41787 39.91495
15 61999075 2 79  1 298252 116.73869 40.32999
16 32993628 8 84  1 19688674 116.64453 39.90665
17 36283664 2 267  1 28016960 116.5433 40.11196
18 62314282 2 179  1 394142 116.30672 39.678
19 46800296 1 86 60 1 88454739 115.60063 39.63095
20 35283250 1 177 40 1 49966241 116.37228 39.85738
21 46804182 1 299 60 1 87904934 116.08667 40.00143
22 35411246 23 358  1 14226016 116.41795 39.97134
23 36308730 8 91  1 631154 116.45292 39.90837
24 46946302 1 123 70 1 88075308 116.4516 39.98281
25 31150176 1 322 80 1 291005 116.14868 39.90299
26 61999076 2 36  1 16739775 116.66088 40.40024
27 40583213 21 126 100 1 12530921 116.59375 39.82039
28 36308731 2 181  1 57862186 116.45579 39.90696
29 36289368 2 120  1 15828111 116.18334 39.8768
30 32993629 8 264  1 530466 116.64738 39.90707
31 36308713 2 4  1 559341 116.45781 39.90636
32 60944150 1 270 50 1 625665 116.40411 39.85723
33 62314283 2 266  1 71372564 116.27795 39.67529
34 35411247 23 180  1 40927210 116.41779 39.97127
35 36308732 22 270  1 722096 116.45322 39.90584
36 46946303 1 305 80 1 49044169 116.45162 39.9832
37 61999077 2 149  1 70618496 116.65718 40.40972
38 36420384 22 183  1 452525 116.27879 39.90014
39 31150178 1 322 80 1 291005 116.14808 39.90376
40 32993631 1 85 50 1 41959811 116.65279 39.90736
41 36420385 2 267  1 41636594 116.32874 39.8723
42 36284380 2 291  1 61585380 116.89729 40.10638
43 62314284 2 172  1 18071254 116.27562 39.68535
44 46946304 1 297 70 1 88075306 116.45168 39.98331
45 36308733 2 90  1 49235563 116.45348 39.90575
46 35411248 23 88  1 12676416 116.4124 39.96894
47 31150179 20 9 120 1 380573 116.11069 39.72281
48 61999078 2 210  1 16739751 116.6588 40.39786
49 32993632 8 85  1 87824549 116.65364 39.90751
50 40583217 20 145 90 1 12530929 116.52939 39.79871
51 36420386 1 48 30 1 71231166 116.33449 39.86424
52 62314285 2 270  1 18712699 116.27587 39.68515
53 36308734 2 2  1 722098 116.45377 39.90552
54 35411249 23 270  1 12676379 116.41225 39.9691
55 46946305 1 304 70 1 88075315 116.45964 39.97811
56 36593901 2 268  1 86879304 116.39746 39.71621
57 31150180 1 137 100 1 288397 116.22672 39.84349
58 62314286 2 86  1 26172111 116.2906 39.67353
59 31167094 1 157 50 1 1039521 116.55614 40.56928
60 62254896 2 277  1 323036 116.48125 39.8254
61 32993634 8 86  1 30334590 116.65841 39.90794
62 35411250 6 87  1 87757591 116.40746 39.96875
63 30475115 1 357 70 1 14613706 116.59057 39.69531
64 40583218 21 325 90 1 12530932 116.52957 39.79874
65 31150181 1 14 100 1 277409 116.21127 39.88928
66 36420387 2 346  1 41636552 116.33713 39.86695
67 62314287 2 354  1 72135315 116.29088 39.67337
68 46946307 1 123 80 1 49044167 116.45981 39.97759
69 32993635 8 263  1 19688725 116.66136 39.9083
70 40583219 23 306  1 12530933 116.50218 39.82164
71 31150182 1 9 100 1 403504 116.32535 39.67641
72 36420388 2 289  1 17478295 116.31222 39.90869
73 36308736 1 1 40 1 624498 116.45419 39.87084
74 46946308 1 125 70 1 88075319 116.45964 39.9775
75 31150183 1 188 100 1 15086924 116.32522 39.67635
76 40583220 1 147 90 1 12530935 116.56273 39.75979
77 35411252 23 357  1 15255077 116.40241 39.96645
78 36420389 1 2 20 1 61873528 116.33696 39.87204
79 36308737 1 181 40 1 624498 116.45419 39.87084
80 40583212 20 305 120 1 9000001268233 116.59396 39.82052
81 36419368 2 329  1 19258196 116.30506 40.06938
82 61999081 2 89  1 61200859 116.2396 40.22071
83 62030887 5 92  1 547149 116.53712 39.86972
84 32993637 1 90 50 1 518170 116.66731 39.90004
85 31150184 1 91 100 1 556902 116.54456 39.90907
86 36420390 8 270  1 39862413 116.26406 39.90751
87 35411253 23 178  1 14226010 116.4021 39.96636
88 62314288 2 354  1 19689926 116.30201 39.69075
89 32993638 6 178  1 41519978 116.63202 39.89648
90 40583221 1 257 80 1 86033802 116.38697 39.75884
91 35411254 23 269  1 87757584 116.39816 39.96886
92 36420391 5 51  1 492169 116.33504 39.88892
93 31150185 1 271 100 1 555383 116.5441 39.90944
94 61999083 2 88  1 27959180 116.23318 40.2243
95 36308739 2 270  1 616275 116.44181 39.86592
96 46955167 1 270 60 1 87843875 116.77928 39.94165
97 62314289 2 347  1 71372289 116.28657 39.72244
98 32993639 8 286  1 525927 116.6459 39.89388
99 40583222 1 77 80 1 86033805 116.38639 39.75857
100 61087087 23 189  1 507001 116.34671 39.85303
101 32993640 8 108  1 533260 116.64584 39.89381
102 31150187 1 178 80 1 444909 116.2739 39.89664
103 36308741 22 181  1 39862335 116.46124 39.89613
104 36420393 1 346 30 1 41636552 116.33713 39.86693
105 62016093 1 76 60 1 16001763 115.8424 40.34143
106 46955168 1 7 50 1 87844132 116.88571 39.73268
107 32993641 8 180  1 50061896 116.64346 39.89124
108 40583223 1 93 80 1 12530941 116.38154 39.75812
109 31150188 1 159 60 1 319320 116.26918 39.78814
110 35411256 23 87  1 12676376 116.39837 39.96856
111 36420394 22 270  3 465147 116.3242 39.89724
112 36308742 1 1 60 1 15340563 116.45093 39.87074
113 62016094 1 256 60 1 16001763 115.84239 40.34143
114 62046873 2 160  1 17230945 116.63924 40.04674
115 31150189 23 270  1 14899620 116.53203 39.89307
116 62314290 2 180  1 26172149 116.29084 39.74844
117 40583224 1 272 80 1 12530944 116.38221 39.75819
118 36308743 1 198 40 1 41629578 116.44939 39.8711
119 36562572 1 9 80 1 12634694 116.48592 39.85251
120 36420395 7 182  1 455868 116.27375 39.91183
121 62016101 2 5  1 60885494 116.58902 39.9395
122 46955169 1 143 40 1 87844148 116.87873 39.72341
123 36308744 2 270  1 14165642 116.39595 39.85726
124 36266804 2 177  1 70763880 116.27298 40.19157
125 40583225 1 45 100 1 86033799 116.47176 39.8015
126 32993643 8 178  1 50061827 116.64343 39.88738
127 35411257 23 85  1 87757586 116.39839 39.96843
128 46955172 1 270 70 1 87844239 116.89261 39.7115
129 36308745 22 90  1 551369 116.46063 39.90805
130 31150190 23 90  1 30397995 116.53208 39.89294
131 32993644 8 18  1 50061819 116.64341 39.88604
132 40583227 1 270 80 1 330902 116.41058 39.83234
133 36420396 2 90  1 513392 116.26696 39.90739
134 31150201 1 293 120 1 267342 116.77078 39.81646
135 46955173 1 91 70 1 16356446 116.89259 39.7114
136 62255036 2 245  1 19362178 116.50874 39.78807
137 40583228 1 90 80 1 15086961 116.41071 39.83218
138 32993645 8 195  1 16460397 116.64285 39.88429
139 36308747 1 91 70 1 30016259 116.45834 39.8844
140 31150202 1 113 120 1 62385990 116.77097 39.81621
141 62360104 2 252  1 50100788 116.09045 39.93928
142 62314293 2 349  1 71372429 116.31664 39.72241
143 62016104 2 257  1 70042225 116.39418 39.67914
144 32993646 8 105  1 539537 116.65681 39.89065
145 35109269 8 180  1 560860 116.66002 40.19045
146 36420398 1 267 60 1 41636594 116.32875 39.8723
147 40583229 23 270  1 12530952 116.4069 39.83234
148 36308748 22 180  1 604753 116.46098 39.88347
149 31150203 1 277 120 1 268562 116.86551 39.8028
150 62314294 2 353  1 14640660 116.32179 39.70591
151 31167096 1 112 50 1 86387585 116.66877 40.60249
152 35411259 23 357  1 687374 116.41807 39.9683
153 36420399 2 2  1 61873528 116.33696 39.87204
154 62016105 2 5  1 9000001318827 116.49529 39.63524
155 36308749 2 271  1 621693 116.45817 39.9067
156 31150204 1 97 120 1 268557 116.86575 39.80263
157 36645806 7 4  1 364172 116.35614 39.92901
158 62314295 1 0 60 1 375455 116.32226 39.69862
159 46956117 1 20 60 1 87824232 116.66421 39.87312
160 36308750 1 1 40 1 635170 116.45254 39.87092
161 40583230 23 90  1 12530953 116.40696 39.83218
162 36414927 2 0  1 25876533 116.46733 39.90044
163 31150205 1 224 100 1 15154574 116.69084 39.84826
164 62016106 2 118  1 339533 116.51066 39.67277
165 40698137 1 86 80 1 12645754 116.30038 39.98487
166 46956118 1 231 60 1 87824387 116.64298 39.87696
167 36266805 2 271  1 70763806 116.27669 40.22195
168 36420401 22 270  3 453749 116.32567 39.89724
169 32993648 8 127  1 87824744 116.66356 39.88804
170 36308751 1 13 40 1 49046141 116.44897 39.86952
171 40583231 1 351 120 1 342924 116.34207 39.76911
172 35411261 23 178  1 87757649 116.40797 39.95598
173 31150207 1 302 60 1 18396290 116.73796 39.63254
174 62016107 2 85  1 61795473 116.58274 39.9246
175 36308752 22 2  1 559339 116.45776 39.90512
176 32918610 8 88  1 40015736 116.56043 39.91589
177 31150208 1 298 50 1 18701604 116.74719 40.63554
178 46956119 1 49 60 1 16460337 116.64298 39.87683
179 36308753 2 247  1 608799 116.45407 39.90594
180 62016108 2 178  1 88640305 116.58275 39.92859
181 31150209 1 118 50 1 18701604 116.74719 40.63554
182 36308754 22 90  1 49235557 116.45357 39.90575
183 62314298 2 144  1 18712707 116.27946 39.67855
184 32993649 8 128  1 60885272 116.66567 39.88635
185 32943603 8 1  1 712497 116.41825 40.02957
186 31150210 1 322 50 1 525165 116.92072 40.69952
187 36420404 18 85  1 84915589 116.37394 39.87015
188 36308755 22 358  1 633303 116.45597 39.90495
189 31150211 1 142 50 1 525165 116.92072 40.69952
190 62016109 2 170  1 88252310 116.58651 39.94405
191 32993650 8 287  1 516597 116.65396 39.89159
192 40583234 21 352 100 1 12530960 116.34344 39.75945
193 46956121 1 266 70 1 87824547 116.65279 39.90756
194 35411263 23 270  1 12676433 116.40519 39.94912
195 36308756 23 92  1 17533489 116.46078 39.88779
196 36420405 6 179  1 510265 116.37383 39.9106
197 31150212 1 32 40 1 342643 117.04231 40.6221
198 36308757 1 359 50 1 70610002 116.45598 39.87091
199 40583235 1 180 80 1 12530962 116.34579 39.83091
200 32993651 8 107  1 41959848 116.65252 39.89189
201 36327436 2 92  1 19957993 116.34182 39.72224
202 62314299 2 325  1 18712710 116.27984 39.67802
203 31150213 1 212 50 1 342643 117.04231 40.6221
204 36308758 1 193 40 1 49046141 116.44897 39.86952
205 62016110 2 354  1 40014033 116.59086 39.9194
206 46956123 1 105 60 1 87948448 116.6855 39.87232
207 62021012 2 89  1 61973696 116.65092 40.13451
208 62314300 2 90  1 392638 116.30615 39.68439
209 40583236 1 0 80 1 12530964 116.346 39.83118
210 36308759 1 18 40 1 41629578 116.44939 39.8711
211 31150214 1 78 40 1 342225 117.0168 40.59078
212 46956125 1 355 50 1 87948481 116.72125 39.86166
213 35411267 23 357  1 87757734 116.40837 39.9472
214 36420406 22 268  1 84884299 116.30323 39.90772
215 62016111 2 140  1 210215 116.40677 39.72549
216 31150215 1 258 40 1 342225 117.0168 40.59078
217 62314301 2 270  1 392652 116.30743 39.68456
218 36308760 22 269  1 617061 116.46029 39.90669
219 40583239 23 212  1 12530970 116.34511 39.78319
220 36420407 22 91  3 15812086 116.33452 39.9071
221 35411268 23 178  1 30223482 116.40823 39.9471
222 46956126 1 175 50 1 87948484 116.72115 39.86166
223 62016112 1 171 50 1 237642 116.38305 39.66497
224 36308761 22 91  1 552977 116.45889 39.9066
225 40583240 23 32  1 12530972 116.34526 39.78313
226 31150216 1 120 50 1 342986 117.10351 40.59994
227 61087089 23 90  1 513392 116.26703 39.90739
228 32993654 8 65  1 49993600 116.70171 39.88823
229 40583216 23 124  1 12530928 116.50221 39.82143
230 36420408 1 267 60 1 41508699 116.33158 39.87246
231 62314402 2 180  1 236284 116.41539 39.64875
232 62016113 2 267  1 61200227 116.38252 39.67132
233 36308762 22 180  1 636042 116.4609 39.8797
234 35411271 23 10  1 87757720 116.37989 39.94659
235 40583241 1 86 80 1 12530973 116.37452 39.8313
236 35109270 1 90 50 1 50040560 116.66351 40.18323
237 36308763 1 190 60 1 15340565 116.45075 39.86918
238 46956128 1 9 60 1 87948533 116.73463 39.89413
239 35411272 23 191  1 87757721 116.37974 39.94653
240 32993655 8 260  1 87824032 116.69661 39.88644
241 62314403 2 180  1 32363314 116.41544 39.63735
242 46956129 1 185 60 1 87948532 116.73442 39.89421
243 62326886 2 305  1 72580029 116.17649 39.8742
244 36445968 2 156  1 72065592 116.32351 40.0766
245 34765220 8 219  1 624032 116.3954 39.899
246 31150218 1 331 70 1 861542 117.16395 40.68705
247 35411273 23 48  1 42255122 116.43765 39.96345
248 30466214 1 291 100 1 465560 117.002 40.3953
249 40583242 23 90  1 12530975 116.36598 39.83105
250 46971162 1 144 60 1 87818828 116.10899 39.94079
251 36445969 2 338  1 72065570 116.32206 40.0802
252 62314404 2 0  1 32363311 116.41566 39.63654
253 32993657 8 250  1 71778021 116.69252 39.88544
254 35411274 23 228  1 42255129 116.43765 39.96345
255 62016115 2 182  1 60394791 116.4155 39.61717
256 35411275 23 126  1 87757701 116.443 39.9651
257 36308765 22 180  1 49046545 116.20106 39.92375
258 62314799 2 20  1 60434850 116.43673 39.76539
259 36665259 2 275  1 791637 116.50337 39.97177
260 31150219 1 238 50 1 86319059 117.10186 40.52185
261 36445970 2 156  1 72065598 116.32182 40.08048
262 32993658 8 69  1 49993631 116.69135 39.88489
263 36785799 2 40  1 32629901 115.9065 40.38878
264 62016116 2 89  1 9000001318829 116.49502 39.63539
265 62314800 2 341  1 60434901 116.4512 39.75561
266 35411276 23 124  1 87757704 116.44307 39.96519
267 32993659 8 249  1 28106100 116.68849 39.88394
268 30843155 1 187 60 1 381989 116.0382 40.00072
269 36308766 22 0  1 302469 116.20119 39.92349
270 36445971 6 3  1 72065691 116.45992 40.03081
271 40583244 23 270  1 12530979 116.32526 39.8307
272 31150221 1 246 50 1 69991393 117.20169 40.42589
273 46971163 1 261 80 1 87818830 116.11499 39.9366
274 62016117 2 270  1 41863061 116.58331 39.93212
275 35411277 23 302  1 87757706 116.44313 39.96534
276 36354296 2 0  1 313557 116.31688 39.77291
277 36445972 2 144  1 72135366 116.29026 39.77679
278 32993660 8 70  1 16459965 116.68702 39.88328
279 36308767 2 117  1 71230865 116.14227 39.941
280 34580285 8 89  1 15154493 116.56526 39.90919
281 35411278 23 301  1 87757708 116.44323 39.96548
282 31150222 1 287 50 1 18702056 117.21544 40.42185
283 62314801 2 110  1 14593958 116.68329 39.62049
284 62016118 2 173  1 790065 116.59075 39.92049
285 36445973 2 83  1 32114520 116.28752 39.7822
286 35411279 23 359  1 589282 116.42496 39.96772
287 46971164 1 82 80 1 29774532 116.11503 39.93645
288 36308768 2 163  1 69991596 116.0987 39.95087
289 62314802 2 289  1 61200486 116.69457 39.61687
290 40583245 1 266 80 1 12530981 116.33576 39.83076
291 46971165 1 253 70 1 709523 116.25767 40.07771
292 35411280 23 176  1 87757663 116.42485 39.96772
293 36308769 2 138  1 71230864 116.15641 39.93295
294 62016119 2 82  1 806869 116.54665 39.941
295 32993661 8 69  1 87824137 116.68349 39.88194
296 31150223 1 107 40 1 18702056 117.21545 40.42185
297 46971166 1 73 70 1 87901527 116.25775 40.07752
298 36308770 6 0  1 87904925 116.09624 39.98573
299 62314803 2 159  1 26870198 116.6727 39.64146
300 35411281 23 181  1 87758003 116.46159 39.92949
301 62016120 2 191  1 50048749 116.58904 39.93997
302 31150224 1 281 70 1 18702060 117.21983 40.42083
303 36308771 2 346  1 50064565 116.09428 39.99544
304 40583246 1 87 80 1 315176 116.33587 39.83058
305 46971167 1 332 60 1 87901608 116.25183 40.05731
306 36445975 2 331  1 72135350 116.28768 39.78215
307 35411282 23 0  1 12676413 116.46179 39.92951
308 62314804 2 257  1 86845743 116.65172 39.65055
309 36354261 2 165  1 71501230 116.27819 39.75244
310 46800337 1 0 120 1 85624284 116.48463 40.11744
311 36308772 2 141  1 70823394 116.12273 39.83876
312 31150225 1 101 50 1 18702060 117.21985 40.42083
313 36284385 2 98  1 71369560 116.64205 40.13745
314 62016121 2 86  1 61533665 116.41324 39.6814
315 36445976 1 304 50 1 62237009 116.38171 39.94756
316 32993662 8 249  1 525966 116.68237 39.88163
317 31150227 1 210 50 1 306362 116.99545 40.36087
318 40583248 23 268  1 49049028 116.36531 39.83123
319 62314805 2 119  1 234063 116.65669 39.63173
320 46971168 1 150 60 1 87901606 116.25133 40.05723
321 36308773 22 287  1 41624844 116.16149 39.81077
322 62016122 2 0  1 60394792 116.41566 39.63104
323 35411283 23 270  1 669382 116.45846 39.9338
324 32993663 8 249  1 16459977 116.67804 39.88
325 36445977 23 304  1 62237007 116.38175 39.94753
326 36308774 2 86  1 484447 116.19009 39.80827
327 31150229 1 88 50 1 9000001322412 116.45716 39.7663
328 46971170 1 79 60 1 87901739 116.27651 40.0499
329 62314806 2 0  1 70042400 116.41354 39.68452
330 62016123 2 179  1 237824 116.40249 39.63148
331 40583249 1 270 80 1 12530986 116.37465 39.83149
332 35411284 23 89  1 676399 116.45856 39.93366
333 32993664 8 69  1 16459985 116.67808 39.8799
334 31150230 1 260 60 1 334436 116.446 39.76542
335 36308775 2 72  1 31864724 116.10871 39.9283
336 61087090 23 0  1 465075 116.27411 39.89363
337 46946306 1 302 80 1 88075316 116.45957 39.97796
338 40583250 1 92 100 1 12530987 116.33492 39.77899
339 46971173 1 322 120 1 87901975 116.30893 40.0812
340 36445978 1 121 50 1 62237006 116.38169 39.94747
341 36308776 2 281  1 85090636 116.13942 39.80883
342 36308735 23 91  1 41629663 116.45838 39.8844
343 32993665 1 270 60 1 32265396 116.67116 39.89244
344 35411285 23 180  1 687256 116.46166 39.94454
345 31150231 1 34 60 1 470699 116.16335 39.7625
346 36308777 2 7  1 40601555 116.1115 39.9054
347 30469098 1 271 70 1 14531825 116.30269 39.60528
348 62142558 2 69  1 404528 116.51472 39.81675
349 30929155 1 80 40 1 273420 117.03478 39.76621
350 62314808 2 107  1 61200483 116.69344 39.61724
351 36308778 2 98  1 60422173 116.13884 39.80892
352 32993666 1 90 60 1 41679628 116.67115 39.89237
353 46971175 1 323 120 1 87901976 116.31467 40.0738
354 31150233 1 91 60 1 54342216 116.18902 39.75077
355 40583251 1 271 100 1 315170 116.33531 39.77914
356 36308779 2 45  1 71230867 116.14234 39.94073
357 35411286 23 0  1 685445 116.46183 39.94462
358 35283226 8 77  1 12666262 116.23821 39.92528
359 62314809 2 199  1 226903 116.69355 39.61546
360 36445979 23 121  1 62237006 116.38172 39.94745
361 32993667 8 309  1 50061966 116.66715 39.8853
362 46971176 1 142 120 1 87901978 116.31462 40.07353
363 36308780 2 70  1 40601551 116.09788 39.88408
364 35411287 23 358  1 680808 116.43428 39.93095
365 35289216 8 177  1 530187 116.41891 39.88978
366 60944226 23 350  1 634991 116.4364 39.90467
367 36445980 1 174 50 1 62237167 116.46784 39.95754
368 40687089 23 263  1 12634674 116.46277 39.83384
369 36308781 2 266  1 484446 116.19092 39.80833
370 62314810 2 342  1 26870194 116.67313 39.64089
371 32993668 8 128  1 537943 116.66848 39.88408
372 36290593 5 89  1 20114688 116.34277 39.72915
373 36308782 2 148  1 69991830 116.09396 39.99645
374 62314811 2 86  1 71759756 116.40157 39.68418
375 35411288 23 179  1 680813 116.43408 39.93089
376 46971177 1 127 70 1 87902145 116.26222 40.04203
377 62016126 2 337  1 61200661 116.46339 39.72589
378 40687090 23 81  1 12634675 116.46288 39.83369
379 36308783 2 348  1 87409403 116.09857 39.8839
380 32993669 8 309  1 70619088 116.66979 39.88314
381 31150235 1 314 60 1 18059109 116.10591 39.76414
382 35411289 23 270  1 20237528 116.43013 39.9245
383 46971180 1 149 100 1 29941881 116.29821 40.06506
384 62314812 2 264  1 313653 116.38253 39.7506
385 36308784 2 334  1 352737 116.12317 39.83837
386 46971187 1 141 90 1 87938859 116.76817 39.60176
387 40687091 1 180 80 1 555899 116.46125 39.88785
388 31150236 1 134 50 1 18059109 116.10591 39.76414
389 32941870 1 359 70 1 471541 116.62769 39.92806
390 32993671 8 309  1 19904118 116.67494 39.87899
391 36445985 2 88  1 62338340 116.45777 40.00823
392 36308785 2 281  1 60422178 116.14425 39.80807
393 32993672 8 130  1 537947 116.67713 39.87706
394 31150237 1 340 40 1 15441832 116.59396 40.05681
395 46804195 1 182 40 1 15086477 116.23137 40.04279
396 35411290 23 90  1 87757777 116.43022 39.92435
397 62314815 1 359 50 1 195655 116.40548 39.73349
398 61999080 2 173  1 567907 116.15564 40.18195
399 40687092 1 1 80 1 12634677 116.46144 39.88792
400 36308786 22 107  1 41624844 116.16129 39.81083
401 62016128 2 239  1 40195104 116.6159 39.93892
402 32993673 22 175  1 16285813 116.67796 39.87574
403 46971189 1 347 60 1 87938891 116.15714 40.08697
404 31150238 1 351 50 1 294038 116.78437 39.94301
405 36308787 22 269  1 17256687 116.19535 39.92488
406 62314816 2 166  1 70042405 116.41337 39.68565
407 46971190 1 167 60 1 87938892 116.15689 40.08691
408 35411291 23 230  1 682390 116.44992 39.95382
409 31150239 1 171 50 1 294038 116.78437 39.94301
410 32993674 8 309  1 16285824 116.68026 39.87469
411 62016129 2 272  1 30050030 116.59008 39.92831
412 36308788 22 109  1 487775 116.16453 39.81029
413 35411251 23 0  1 40927212 116.40786 39.96535
414 31150240 1 267 60 1 16193420 116.78484 39.94182
415 62314817 2 173  1 70610519 116.4025 39.68145
416 40687094 1 1 80 1 12634681 116.46148 39.88976
417 35411292 23 45  1 12634935 116.45004 39.95371
418 36308956 2 175  1 1363655 116.3491 40.08689
419 31150241 1 88 60 1 16193422 116.78486 39.94169
420 36445988 22 270  1 62338447 116.33575 39.75023
421 46971605 1 82 70 1 88558392 116.79854 39.94299
422 62016130 2 0  1 808395 116.58427 39.95683
423 61087091 23 181  1 502751 116.2739 39.89354
424 40687095 1 184 80 1 12634683 116.46139 39.89671
425 32993636 1 270 50 1 518168 116.66729 39.90014
426 62314818 2 84  1 61533669 116.40198 39.68053
427 32993676 6 53  1 467979 116.6431 39.8767
428 46971606 1 265 70 1 88558397 116.86173 39.94765
429 40687096 1 2 80 1 41808489 116.46161 39.89689
430 36308957 2 337  1 41536056 116.32542 40.08599
431 35411293 23 229  1 87757995 116.44993 39.95561
432 36445989 2 270  1 62338489 116.33255 39.75019
433 46971607 1 85 70 1 88558398 116.86174 39.94754
434 32993677 8 300  1 71778010 116.64508 39.87987
435 36308958 15 355  1 71851627 116.34384 40.08635
436 36445990 2 90  1 62338510 116.33211 39.75009
437 40687097 23 0  1 12634688 116.48987 39.88701
438 35411294 23 49  1 682356 116.45004 39.95552
439 46971608 1 236 60 1 88558400 116.31172 39.4751
440 32993678 8 127  1 50061691 116.64685 39.87859
441 62016132 2 180  1 61534263 116.39377 39.67928
442 62314820 2 305  1 226711 116.65756 39.63115
443 31150243 1 266 50 1 18876158 116.84319 39.96032
444 32993679 8 307  1 530602 116.64874 39.87721
445 36445991 22 270  1 62338419 116.32549 39.75019
446 40687098 23 180  1 14899641 116.48967 39.88701
447 36308960 15 88  1 19689268 116.3434 40.08656
448 62360108 1 270 40 1 20211576 116.09448 39.94553
449 62016133 2 352  1 61533676 116.39393 39.67878
450 40687100 1 189 80 1 49046108 116.48722 39.86202
451 36308961 2 156  1 41536053 116.32501 40.08667
452 46971651 1 258 70 1 85634788 116.99829 39.96943
453 62314821 2 98  1 331385 116.52696 39.67385
454 32993680 8 270  1 50061572 116.65497 39.87561
455 35411297 23 178  1 87757942 116.43359 39.94061
456 36445992 2 270  1 62338538 116.323 39.75019
457 31162064 1 173 40 1 17224454 116.28032 39.94268
458 46955163 1 89 50 1 87843855 116.77618 39.85433
459 62016134 2 185  1 231992 116.49531 39.6355
460 40687101 23 189  1 15154478 116.48569 39.85256
461 36308962 2 141  1 19689094 116.29705 40.09545
462 62314822 2 182  1 30415427 116.40883 39.71679
463 36445993 2 89  1 62338534 116.32238 39.75009
464 46971652 1 79 70 1 85634789 116.9983 39.96932
465 36419321 2 73  1 19689065 116.31283 40.06142
466 36445994 2 89  1 62338549 116.32007 39.75007
467 31162065 1 354 60 1 395292 116.27571 39.95956
468 40687102 23 9  1 12634694 116.48592 39.85252
469 62016135 2 85  1 61200663 116.46303 39.72607
470 32993682 8 90  1 50061555 116.65967 39.8755
471 36309162 2 352  1 40194877 116.65656 40.1429
472 36445995 2 270  1 62338384 116.31441 39.75015
473 35411299 23 356  1 87757944 116.434 39.94092
474 46971654 1 260 70 1 85634792 116.9583 39.96069
475 31162066 1 359 40 1 415654 116.26469 39.92169
476 32993683 8 270  1 87824253 116.66235 39.8756
477 40698146 1 0 70 1 12645773 116.35629 39.94409
478 62016136 2 91  1 55123333 116.58977 39.92831
479 36445996 2 90  1 62338556 116.31397 39.75005
480 36309163 2 88  1 41917926 116.50325 40.09514
481 30475142 1 30 50 1 420627 115.93663 39.6935
482 46971655 1 78 70 1 86773331 116.9583 39.96055
483 40687103 1 273 80 1 631852 116.44431 39.85895
484 35411300 23 178  1 87757964 116.42543 39.9479
485 62314824 2 266  1 69903919 116.39372 39.68371
486 32993684 8 90  1 49993818 116.66641 39.87552
487 36308738 1 10 70 1 15340567 116.45087 39.86915
488 62016137 2 0  1 197957 116.40942 39.7014
489 36445997 2 271  1 62338569 116.30817 39.75311
490 32993685 8 271  1 520960 116.66886 39.87562
491 36309164 2 262  1 61676301 116.53836 40.09517
492 36276372 2 25  1 667933 116.45699 39.98354
493 35411301 23 357  1 87757966 116.4256 39.94795
494 46971656 1 261 70 1 85634794 116.93905 39.95758
495 31162068 1 0 60 1 576295 116.68441 40.33533
496 36309165 2 179  1 20042909 116.49864 40.1378
497 40687104 1 94 80 1 631851 116.44431 39.85878
498 32993686 8 89  1 520961 116.66886 39.8755
499 36445998 2 271  1 62338578 116.31172 39.75307
500 62314846 2 280  1 42259807 116.52715 39.67382
501 62016138 2 266  1 70042415 116.41372 39.68518
502 36309166 2 239  1 772335 116.6626 40.13539
503 61999082 2 268  1 588430 116.23365 40.22441
504 40687105 1 234 80 1 12634696 116.45425 39.8626
505 35411303 23 43  1 88075178 116.49712 39.99789
506 46971657 1 81 70 1 85634795 116.93907 39.95742
507 47058100 1 187 70 1 88053189 116.27391 39.91341
508 62314826 2 278  1 40926256 116.37535 39.78048
509 36446000 2 271  1 62338636 116.31543 39.75304
510 36309167 2 270  1 769149 116.657 40.14051
511 32993687 8 230  1 49993771 116.67379 39.87729
512 36446001 2 90  1 62338619 116.315 39.75296
513 31162071 1 308 50 1 61200763 116.61879 40.34246
514 46971658 1 260 70 1 85634798 116.89824 39.95164
515 40687106 1 49 80 1 12634697 116.45457 39.86264
516 36270391 2 267  1 543493 116.70979 40.17049
517 62314827 2 83  1 18667120 116.46176 39.72591
518 36446002 2 90  1 62338601 116.3222 39.75293
519 36309168 15 94  1 85624179 116.42098 40.10371
520 62016139 2 0  1 30425480 116.41361 39.67759
521 31162072 1 128 60 1 441000 116.6187 40.34237
522 35411306 23 47  1 87757872 116.44461 39.96068
523 46971659 1 80 70 1 85634799 116.89825 39.9515
524 62314828 2 288  1 14593959 116.68414 39.6202
525 40687107 23 8  1 14770666 116.48979 39.8768
526 31162073 1 38 50 1 60921598 116.36543 40.36472
527 62016140 2 180  1 18667348 116.41349 39.67575
528 36446003 2 270  1 62338652 116.30817 39.75666
529 46932368 1 264 80 1 85779857 115.83657 40.46229
530 32993689 8 105  1 536490 116.68718 39.87189
531 36446004 2 270  1 62338663 116.31174 39.75668
532 36354267 2 189  1 41575637 116.34006 39.76709
533 35411307 1 49 40 1 87757560 116.44936 39.95982
534 36309170 2 166  1 41634193 116.66969 40.12983
535 62016141 2 270  1 30425698 116.40288 39.63126
536 40687109 1 266 80 1 12634704 116.4819 39.90548
537 62255043 2 54  1 19362808 116.53163 39.77585
538 46971660 1 265 70 1 85634802 116.88886 39.95014
539 62314829 2 18  1 61200481 116.69412 39.61669
540 36309171 2 16  1 60923771 116.65639 40.14786
541 36446005 2 90  1 62338661 116.31141 39.75658
542 62016142 2 171  1 41577659 116.38203 39.67157
543 32993691 8 104  1 529067 116.69211 39.87063
544 46971661 1 88 70 1 26146658 116.88884 39.95002
545 40687110 1 87 80 1 12634705 116.48189 39.90536
546 31162075 1 112 50 1 490890 116.41817 40.41124
547 36446006 2 86  1 62338691 116.3221 39.75692
548 60972154 22 265  1 297194 116.63438 40.31879
549 62314830 2 83  1 26870192 116.67262 39.64104
550 36309172 2 81  1 793129 116.53094 40.09826
551 40687112 1 266 80 1 631453 116.45736 39.90419
552 35411308 1 229 40 1 87757560 116.44936 39.95982
553 31162106 1 180 15 1 49065658 116.32079 39.89132
554 46971662 1 349 70 1 85634808 116.90559 39.94087
555 36309173 1 87 50 1 1648432 116.43704 40.10172
556 40728018 1 45 80 1 12676395 116.45979 39.96252
557 40687113 20 84 80 1 566671 116.45738 39.90409
558 36420392 5 168  1 498044 116.33631 39.87737
559 62016143 2 87  1 30425483 116.38165 39.67109
560 62314831 2 339  1 30016750 116.63455 39.66027
561 36446007 2 266  1 62338696 116.32307 39.75709
562 36309175 2 123  1 763103 116.66219 40.13536
563 35411309 23 270  1 87757979 116.46043 39.94137
564 36266814 2 284  1 9000000001811 116.1346 40.23505
565 40687115 1 87 80 1 627274 116.422 39.87122
566 36310842 23 314  1 12634719 116.48112 39.8397
567 35411310 23 90  1 30050269 116.46055 39.94126
568 31150095 1 282 40 1 88652896 116.64987 40.32271
569 31162113 1 336 50 1 32159391 116.4367 39.90107
570 46971664 1 265 70 1 85634810 116.92347 39.88396
571 32993705 1 115 30 1 9000001304991 116.66715 39.84105
572 62016145 2 267  1 42259604 116.4718 39.62015
573 36310843 23 133  1 12634717 116.48102 39.83964
574 36446009 2 85  1 62338704 116.32564 39.75719
575 40687116 1 266 60 1 617466 116.42097 39.87129
576 32993706 7 288  1 527498 116.67128 39.84083
577 46971665 1 85 70 1 85634811 116.92349 39.88381
578 31162114 5 358  1 85974220 116.417 39.89918
579 36314455 1 355 70 1 86693660 116.82508 39.96679
580 40687117 1 90 80 1 13247914 116.38807 39.87111
581 62016146 2 269  1 237663 116.49544 39.63539
582 36446010 2 265  1 62338712 116.32911 39.75754
583 35411312 23 90  1 42236203 116.4297 39.94099
584 62314833 2 353  1 71759761 116.40279 39.68017
585 62360110 1 137 40 1 16570784 116.05357 39.99072
586 46971666 1 344 80 1 22642174 116.98525 39.85295
587 40687118 1 265 80 1 13247911 116.38759 39.87124
588 62016147 2 84  1 18667253 116.47873 39.70991
589 36446011 2 86  1 62338710 116.32847 39.75739
590 31162120 1 76 70 1 634454 116.39592 39.89062
591 36314457 1 14 70 1 291533 116.85207 39.97066
592 35411313 23 88  1 87757956 116.43301 39.93664
593 36446012 2 85  1 62338721 116.33176 39.75767
594 40687119 1 238 80 1 12634713 116.47813 39.84216
595 32993707 7 93  1 529001 116.6707 39.84032
596 62314834 2 84  1 39046978 116.38014 39.74309
597 46971667 1 164 40 1 57433800 116.98511 39.85291
598 36314458 1 88 60 1 49810356 116.78022 39.97123
599 36446013 2 265  1 62338726 116.33277 39.75784
600 35411314 23 268  1 87757956 116.43301 39.93664
601 40687120 1 0 80 1 636834 116.44543 39.88457
602 31162123 1 357 60 1 443509 116.34672 39.88888
603 36446014 2 84  1 62338735 116.3355 39.75796
604 36314459 1 255 70 1 267964 117.03557 39.98201
605 32993708 6 9  1 87948533 116.73463 39.8941
606 62016149 2 89  1 30049830 116.58215 39.93199
607 34543352 21 191 120 1 14728438 116.11034 39.72248
608 62314835 2 263  1 41575473 116.37524 39.78281
609 35411315 23 357  1 87757741 116.41662 39.94713
610 36314460 1 177 40 1 16241666 117.09664 39.79436
611 31162141 1 223 60 1 567425 116.65937 40.35954
612 40687123 1 313 90 1 12634720 116.48113 39.8397
613 36446015 2 266  1 62338740 116.33614 39.75812
614 62016150 2 354  1 786652 116.59079 39.92015
615 46973093 1 27 70 1 87946084 116.52046 39.75314
616 32993709 6 185  1 87948532 116.73442 39.89423
617 35411316 23 177  1 87757741 116.41662 39.94713
618 36314462 1 266 70 1 41664581 116.81444 39.90268
619 62314836 2 86  1 32323236 116.46837 39.70894
620 46932373 1 55 40 1 85779935 115.78049 40.43245
621 31162331 1 359 20 1 41121727 116.09489 39.57908
622 35411317 23 266  1 87757835 116.45954 39.92853
623 32993710 1 269 50 1 87843855 116.77638 39.85434
624 40687125 1 308 80 1 549593 116.45764 39.86041
625 62016151 2 316  1 9000001290244 116.40722 39.72512
626 31162332 1 179 50 1 41121727 116.09489 39.57908
627 36446016 2 265  1 62338757 116.34074 39.75849
628 62314837 2 352  1 39942869 116.40323 39.67677
629 35411318 23 86  1 87757835 116.45954 39.92853
630 46973096 1 150 70 1 87946102 116.53084 39.77763
631 40687126 1 128 80 1 548140 116.45745 39.86031
632 32993711 1 317 50 1 87843863 116.84079 39.85789
633 62314838 2 85  1 69903948 116.39719 39.68388
634 62016152 2 89  1 61200681 116.40865 39.7207
635 30843169 1 328 60 1 234554 116.0987 39.96051
636 36446017 2 86  1 62338755 116.34008 39.75833
637 31162333 1 0 50 1 361568 116.08252 39.57433
638 40687127 1 85 80 1 12634722 116.39886 39.87161
639 31162334 1 180 50 1 361568 116.08252 39.57433
640 32993712 1 135 50 1 87843863 116.8408 39.85788
641 35411319 23 47  1 62218422 116.39124 39.92271
642 30929161 1 189 30 1 18805344 117.07811 39.80871
643 40687128 1 270 80 1 40900695 116.39379 39.85712
644 36446018 2 359  1 32394149 116.31689 39.76967
645 31162335 1 271 50 1 9000000110295 116.0775 39.5795
646 40687129 1 89 80 1 40900702 116.39377 39.85699
647 35411320 23 47  1 88075269 116.46483 39.96802
648 32993713 1 237 50 1 62274716 116.84065 39.8569
649 36446019 2 180  1 32394146 116.31679 39.76693
650 36314881 18 285  3 14905284 115.5022 39.63525
651 31162336 1 91 50 1 9000000110295 116.07753 39.5795
652 40687130 1 91 80 1 541832 116.40399 39.85699
653 62016154 2 270  1 69585034 116.41384 39.67544
654 36446020 2 0  1 32394142 116.31691 39.76654
655 34535501 6 85  1 386053 116.57294 40.2905
656 31162337 1 303 70 1 16355966 116.0443 39.5546
657 62314840 2 178  1 199474 116.40534 39.73414
658 35411321 23 229  1 88075268 116.46467 39.9681
659 30442150 1 179 70 1 70769052 116.4002 40.00837
660 36446021 2 179  1 32394139 116.3168 39.76362
661 31162338 1 133 70 1 16355964 116.04445 39.55422
662 40687131 1 269 80 1 12634723 116.40927 39.85714
663 62016155 2 178  1 60394785 116.41548 39.63149
664 32943617 8 177  1 32246201 116.46739 40.00764
665 35411322 23 261  1 87757914 116.45781 39.94877
666 36314883 18 309  3 14905233 115.54135 39.60212
667 40687132 1 270 80 1 15154477 116.41732 39.85719
668 31162339 1 291 80 1 16355990 116.02475 39.55669
669 36446022 2 359  1 32394134 116.31692 39.76314
670 60944180 23 267  1 634260 116.42092 39.87129
671 46973101 23 302  1 88082008 116.54029 39.84774
672 36314884 18 220  2 14913930 115.41433 39.79169
673 46804319 1 249 70 1 88534586 117.02027 39.97621
674 36446023 2 0  1 32394174 116.31786 39.75644
675 62314842 2 171  1 70610517 116.40296 39.67792
676 40687134 1 0 80 1 541834 116.46132 39.88157
677 31162340 1 110 80 1 26121052 116.02464 39.55656
678 36314885 18 122  2 14905301 115.44575 39.66621
679 36446024 2 90  1 32394167 116.3175 39.75661
680 35411324 23 267  1 14225966 116.43346 39.92956
681 32993715 1 303 50 1 20165063 116.84215 39.8564
682 62016157 2 356  1 86755686 116.41561 39.61664
683 40687136 1 8 80 1 630383 116.46105 39.86916
684 46973102 1 349 100 1 88082009 116.54943 39.85616
685 36314886 18 128  2 14905237 115.53603 39.60612
686 62314843 2 354  1 31994099 116.39786 39.68351
687 31162341 1 283 60 1 16356022 116.00242 39.56093
688 61087096 23 0  1 12644717 116.28367 39.84906
689 32924660 1 210 50 1 61646044 116.81916 39.61939
690 62016158 2 85  1 61795470 116.58992 39.92522
691 46974100 1 313 70 1 17184920 116.48769 39.81916
692 31162342 1 103 80 1 16356008 116.00291 39.5606
693 40687137 1 182 80 1 625994 116.46088 39.8692
694 36446025 2 170  1 32394121 116.31771 39.75685
695 36314887 18 195  2 14905229 115.54447 39.59191
696 35411325 8 88  1 71113472 116.38916 39.9683
697 32993717 1 89 30 1 85779968 115.78349 40.52081
698 40687138 1 348 80 1 634990 116.43623 39.90461
699 36593919 2 352  1 86750688 116.29237 39.68962
700 36314888 18 0  3 14905233 115.54576 39.59581
701 46974101 1 133 70 1 87945308 116.48741 39.81923
702 62314844 2 263  1 26870196 116.6732 39.64132
703 40687139 1 169 80 1 570700 116.43605 39.90466
704 32993642 8 0  1 50061890 116.64355 39.8895
705 31162343 1 275 80 1 18629866 116.01431 39.55847
706 36446026 2 267  1 62338684 116.31799 39.75674
707 36314889 18 171  2 14914034 115.42818 39.69702
708 32993718 1 269 30 1 85779968 115.78348 40.52081
709 46974102 1 254 100 1 87945314 116.49957 39.81782
710 62016160 2 84  1 41863068 116.58249 39.92827
711 62314845 2 337  1 234036 116.63774 39.6514
712 36446027 2 4  1 32394175 116.31787 39.75462
713 35419208 18 84  1 302942 116.45884 39.83317
714 36314890 18 343  3 14914100 115.42772 39.70068
715 46974103 1 69 100 1 87945311 116.49949 39.81765
716 32993719 1 318 30 1 32605814 115.81876 40.49733
717 36446028 2 180  1 32394170 116.31775 39.75482
718 31162345 1 10 50 1 361204 116.05755 39.57579
719 35411326 1 90 70 1 335716 116.16215 39.92439
720 62314291 2 358  1 71372261 116.2911 39.74322
721 32943620 8 172  1 40248035 116.41745 40.00237
722 36446029 2 0  1 32394203 116.31787 39.75275
723 46800168 1 0 60 1 87728935 116.43862 39.8619
724 62016161 2 268  1 88640299 116.58315 39.92831
725 31162346 1 190 50 1 361204 116.05755 39.57579
726 46974104 1 257 60 1 17184973 116.4641 39.80674
727 36314891 18 156  2 14914050 115.42479 39.70674
728 35411327 1 90 80 1 54006396 116.16216 39.9243
729 36446030 2 180  1 32394103 116.31775 39.75323
730 36270392 2 268  1 71369238 116.83593 40.17163
731 32993720 1 138 30 1 32605814 115.81878 40.49731
732 31162347 1 12 50 1 361201 116.04804 39.57396
733 62314847 2 18  1 226910 116.6935 39.61486
734 30442152 1 91 60 1 14226845 116.41862 40.00928
735 35411328 8 90  1 40248452 116.17095 39.92432
736 62018156 2 90  1 62385692 116.31459 39.74667
737 62016102 2 178  1 30415425 116.40867 39.71039
738 36446031 2 91  1 32394180 116.31749 39.75294
739 31162348 1 192 50 1 361201 116.04803 39.57396
740 46974105 1 75 60 1 88102838 116.4641 39.80667
741 35411329 22 270  1 305188 116.20335 39.92771
742 40697091 1 325 80 1 12644678 116.31454 39.86084
743 62016162 2 177  1 30050028 116.58993 39.92849
744 62314848 2 265  1 70610520 116.40291 39.68438
745 36446032 2 89  1 32394201 116.31754 39.75006
746 36314893 1 139 20 1 14913999 115.41989 39.73652
747 46974106 1 342 60 1 88102852 116.47653 39.8312
748 40697092 1 359 80 1 70011947 116.31042 39.90232
749 35411330 22 90  1 305188 116.20335 39.92771
750 62016163 2 357  1 42259215 116.58995 39.92814
751 36446033 2 179  1 32394089 116.3178 39.75032
752 36314894 1 110 70 1 14905262 115.50271 39.63486
753 35411331 1 209 60 1 319299 116.1711 39.93645
754 40697093 1 358 80 1 12644681 116.31046 39.88988
755 32993725 1 234 40 1 85779933 115.78727 40.43708
756 31162351 1 45 80 1 361187 116.00571 39.57457
757 36446034 2 270  1 32394194 116.3181 39.75016
758 36354273 1 268 80 1 49049028 116.36531 39.83123
759 40697094 1 73 80 1 12644684 116.36005 39.85355
760 61087097 23 180  1 12644716 116.28347 39.84901
761 62314936 2 95  1 32394346 116.37066 39.78287
762 31162352 1 223 80 1 361186 116.0055 39.57452
763 36314895 18 141  2 14905361 115.43944 39.67181
764 36446035 2 167  1 32394129 116.31699 39.76002
765 35411332 1 29 60 1 9000001244874 116.17119 39.93643
766 62326894 2 291  1 14680339 116.19138 39.8639
767 46974108 1 321 70 1 88102857 116.47801 39.82896
768 62171781 2 2  1 41636664 116.5676 40.07526
769 40697095 1 358 80 1 12644686 116.34898 39.88218
770 31162353 1 206 40 1 86526411 116.01327 39.58195
771 62314937 2 16  1 18815126 116.30792 39.77008
772 36446037 2 238  1 32394449 116.33485 39.80222
773 46974109 1 140 70 1 88102858 116.47784 39.8289
774 35411333 22 20  1 392823 116.36733 39.92883
775 36446036 2 348  1 32394128 116.31723 39.75948
776 32993727 1 53 70 1 85779873 115.83445 40.46917
777 36314896 18 44  3 14913932 115.41814 39.79507
778 62016165 2 180  1 808397 116.58371 39.95748
779 40697096 1 0 80 1 12644687 116.34599 39.8417
780 31162354 1 327 50 1 18630055 115.40713 39.7677
781 36446038 2 59  1 32394469 116.33432 39.80181
782 35411334 18 63  1 15086449 116.78271 40.31929
783 40697097 1 8 80 1 507004 116.34692 39.85304
784 62314938 2 180  1 61207488 116.30761 39.75369
785 36446039 2 87  1 32394720 116.33202 39.75333
786 47004259 1 45 60 1 574953 116.64597 40.34669
787 62016166 2 270  1 197992 116.40554 39.7338
788 36314897 18 138  3 14913902 115.40168 39.82395
789 40697098 1 246 80 1 60885674 116.27102 39.87195
790 31162355 1 155 50 1 18630055 115.40701 39.76794
791 35411335 18 63  1 15086449 116.79306 40.32452
792 36446040 2 64  1 32394801 116.29478 39.77851
793 35419209 1 6 60 1 528986 116.65846 39.8477
794 32993728 1 53 70 1 85779874 115.83506 40.46962
795 40697099 1 66 80 1 515175 116.30562 39.88246
796 47004260 1 222 60 1 567400 116.64569 40.3465
797 62142560 2 136  1 19468348 116.56546 39.79853
798 31162356 1 271 50 1 9000000008661 116.41114 39.50145
799 36446041 2 244  1 32394803 116.2952 39.77884
800 62016167 2 270  1 70610559 116.40898 39.70983
801 62314941 2 93  1 19355423 116.33389 39.78226
802 40697101 1 90 80 1 455796 116.27836 39.89693
803 35411337 22 185  1 461752 116.35645 39.91163
804 47004262 1 180 60 1 85661669 116.63029 40.35396
805 31162357 1 91 50 1 9000000008661 116.41114 39.50145
806 36446042 2 271  1 32394820 116.31878 39.77305
807 46800169 1 177 60 1 15340300 116.43848 39.86189
808 36314899 18 131  3 14905361 115.44177 39.66935
809 31167253 1 274 50 1 26206886 115.84485 39.52791
810 32993729 1 270 50 1 473520 115.87491 40.45521
811 36276378 22 359  1 626989 116.41619 39.90307
812 36446043 2 90  1 32394821 116.31864 39.77299
813 31162359 1 257 70 1 339882 116.54679 39.68674
814 47004263 1 45 60 1 85661748 116.65943 40.3594
815 62314942 2 89  1 32394745 116.26714 39.76951
816 62171782 2 359  1 50047932 116.26713 40.01768
817 32993730 1 90 50 1 473520 115.87491 40.45521
818 62314292 2 186  1 42574033 116.2813 39.67216
819 40697102 1 270 80 1 454277 116.27836 39.89706
820 36308746 2 0  1 615007 116.45593 39.90621
821 36314900 18 318  3 14914013 115.41801 39.73958
822 36290650 5 180  1 518576 117.1191 40.14021
823 35411338 18 2  1 14770681 116.35655 39.90923
824 31162360 1 77 70 1 339882 116.54679 39.68674
825 62016169 1 270 40 1 71759632 116.40955 39.70165
826 32993731 1 157 50 1 41519833 115.87757 40.48369
827 47004265 1 210 60 1 85661799 116.68545 40.38087
828 40697103 1 87 80 1 504340 116.34568 39.89775
829 62314943 2 266  1 346695 116.27635 39.76183
830 35411339 18 53  1 443359 116.356 39.8989
831 36446045 6 91  1 637227 116.49278 39.8829
832 36314901 1 143 20 1 61646576 115.41746 39.73933
833 30854061 1 169 60 1 39764968 116.80451 40.06161
834 62016170 2 86  1 70042410 116.41323 39.68498
835 31162361 1 266 50 1 265666 115.88784 39.56796
836 32993732 1 167 60 1 50123442 115.99204 40.48022
837 40697104 1 178 80 1 55126956 116.34859 39.89345
838 35411341 23 83  1 69903272 116.31774 39.85802
839 47004266 1 30 60 1 85661800 116.68555 40.38082
840 31162362 1 86 50 1 265666 115.88785 39.56796
841 47004267 1 243 60 1 85661930 116.67142 40.36619
842 40698155 1 174 50 1 400132 116.30714 39.96741
843 35411342 15 85  1 84915589 116.37394 39.87015
844 32993733 1 264 40 1 42572424 115.95988 40.46479
845 62314945 6 357  1 32394848 116.34555 39.80903
846 62016172 2 359  1 30425478 116.41356 39.68125
847 36314903 18 330  3 14913885 115.41932 39.80604
848 35411343 22 359  1 15594489 116.37176 39.90782
849 31162363 1 78 50 1 62593516 115.88333 39.56761
850 36454613 2 339  1 41866899 116.31922 40.08665
851 47004268 1 216 60 1 85661964 116.66872 40.51831
852 40697105 1 325 80 1 454567 116.28175 39.86906
853 36418193 1 67 30 1 669289 116.48556 39.95691
854 31162364 1 259 50 1 62593516 115.88295 39.56753
855 62016173 2 179  1 71759766 116.41348 39.67838
856 36420397 2 270  1 502308 116.26533 39.89715
857 32993734 1 84 40 1 42572427 115.9599 40.46471
858 30842077 1 176 60 1 577051 116.41319 40.06178
859 35411344 22 0  1 49965948 116.37176 39.90753
860 47004269 1 168 60 1 915441 116.67271 40.53704
861 36314904 1 320 40 1 14914014 115.42051 39.73663
862 36454614 2 156  1 41866913 116.3201 40.08436
863 62016174 2 0  1 86755816 116.41362 39.67513
864 35411345 23 93  1 465132 116.3743 39.91471
865 62314947 2 181  1 41575501 116.37094 39.78299
866 36315183 1 70 40 1 382430 116.10208 40.00291
867 36454615 2 336  1 41866912 116.32055 40.08358
868 35411346 2 346  1 395850 116.80414 40.20035
869 32993735 1 171 60 1 608212 115.97237 40.47272
870 31162367 1 176 50 1 32363096 115.81183 39.53922
871 62016175 2 359  1 235871 116.41557 39.64808
872 40697107 1 63 80 1 12644695 116.26465 39.86862
873 32943676 1 261 60 1 19482432 116.39978 39.88668
874 30475153 1 177 30 1 9000000107944 116.12155 39.57077
875 62314948 2 266  1 40926261 116.37129 39.78031
876 36454627 2 14  1 49859891 116.64701 40.13206
877 32993736 1 348 60 1 609693 115.97246 40.4728
878 35415208 22 87  1 50035131 116.25252 40.22126
879 31162368 1 356 50 1 32363096 115.81183 39.53922
880 40697108 1 90 50 1 12644697 116.34879 39.86804
881 62360116 1 61 60 1 71192957 116.08505 39.92893
882 46882298 1 272 70 1 55117767 116.73898 40.10298
883 62016176 2 87  1 60394782 116.41536 39.61684
884 32943623 8 12  1 19376689 116.41674 40.01428
885 36317838 1 1 60 1 443884 116.35913 39.83679
886 47004272 1 106 40 1 85662036 116.57154 40.69395
887 31162369 1 281 20 1 9000000097033 115.81532 39.53152
888 35415211 22 357  1 50035522 116.28808 40.20885
889 40697109 1 76 80 1 60885700 116.354 39.85186
890 36317839 1 264 80 1 448378 116.28297 39.8654
891 47004274 1 329 40 1 85662085 116.6369 40.7236
892 62016177 2 294  1 9000001328731 116.511 39.67261
893 32993737 1 81 50 1 16524800 115.98261 40.47696
894 31162370 1 101 50 1 9000000097033 115.81532 39.53152
895 40697110 1 254 80 1 12644701 116.3539 39.85198
896 36317840 1 352 80 1 452688 116.31068 39.88449
897 35415212 22 176  1 70763955 116.28795 40.20886
898 47004275 1 149 60 1 85662086 116.63707 40.72269
899 31162371 1 102 50 1 9000000110103 115.72035 39.55992
900 62314950 2 270  1 41575581 116.33181 39.76679
901 32941648 8 356  1 39862480 116.3538 39.98336
