8110 32943834 8 180  1 636460 116.3982 39.89045
8111 36418240 7 188  1 427870 116.29629 39.91992
8112 35408292 23 90  1 12645729 116.35961 39.96766
8113 46946161 1 124 80 1 71113503 116.44304 39.96521
8114 40529655 1 90 100 1 479111 116.71347 39.92349
8115 30930445 1 357 60 1 87905001 116.04112 39.99658
8116 62314197 1 184 60 1 375454 116.32204 39.69936
8117 32943850 8 178  1 507017 116.35657 39.904
8118 36418241 18 304  1 587505 116.48136 39.96357
8119 30930461 1 172 70 1 18866317 117.08108 39.9695
8120 35408293 23 270  1 12645727 116.35954 39.96778
8121 36290701 2 181  1 71369400 116.64156 40.18842
8122 61998009 2 178  1 72264269 116.47305 40.00896
8123 32875604 8 186  1 726111 116.41392 40.07951
8124 40529656 1 270 100 1 12666277 116.71317 39.92359
8125 30930462 1 352 70 1 18866317 117.08108 39.96947
8126 36327416 8 266  1 87824547 116.65285 39.90756
8127 46946162 1 90 50 1 87757718 116.37901 39.94869
8128 36781533 2 199  1 521168 116.6661 39.86658
8129 36418242 1 247 70 1 679143 116.48534 39.95707
8130 36290702 2 89  1 61632777 116.6523 40.17941
8131 35408294 23 74  1 403155 116.35971 39.94461
8132 61999058 2 275  1 31909029 116.57955 40.17445
8133 61998010 2 357  1 72264250 116.47318 40.00834
8134 32943856 1 267 50 1 17478554 116.43282 39.88421
8135 36276344 22 265  1 53667774 116.593 40.04704
8136 62314198 2 180  1 394174 116.32204 39.69451
8137 36290704 2 13  1 71369213 116.9935 40.35417
8138 40529657 1 270 100 1 12666279 116.66526 39.92311
8139 32943999 1 348 60 1 348606 116.80554 40.05625
8140 30930463 1 268 70 1 267998 117.09175 39.99042
8141 35408295 23 74  1 408593 116.35965 39.94474
8142 61998011 2 178  1 72264243 116.47314 40.00656
8143 46946166 1 190 60 1 87757722 116.37976 39.94661
8144 35408296 23 254  1 403153 116.35954 39.94484
8145 40529658 1 87 60 1 490376 116.66526 39.92299
8146 32943857 1 87 50 1 17478554 116.43282 39.88421
8147 62314199 2 358  1 394233 116.32225 39.68773
8148 40529659 1 261 100 1 49089202 116.78808 39.94167
8149 35408297 23 256  1 415506 116.3595 39.94494
8150 46946167 1 270 50 1 669974 116.39112 39.94913
8151 36418245 23 89  1 87758023 116.49735 39.92293
8152 36290706 2 285  1 588436 116.22261 40.22112
8153 61998021 15 180  1 42254955 116.45359 39.91924
8154 35408298 23 5  1 12645774 116.35629 39.94412
8155 46800135 1 252 70 1 87728874 116.39591 39.89073
8156 30930465 1 248 40 1 16222486 117.08853 39.98988
8157 40529660 1 82 100 1 12666283 116.78811 39.94157
8158 46946168 1 270 80 1 668449 116.39113 39.94901
8159 36290707 2 87  1 61200852 116.24384 40.2209
8160 62314200 2 198  1 395718 116.32105 39.68172
8161 30930466 1 92 60 1 39755539 116.93004 39.79435
8162 47056105 1 354 40 1 88051192 116.38068 39.76596
8163 32943893 8 0  1 12644681 116.31047 39.8893
8164 36414909 22 269  1 61883848 116.39492 39.86531
8165 46946169 1 90 50 1 15588375 116.39114 39.94876
8166 36418247 2 175  1 15778565 116.37098 39.9583
8167 36730390 7 74  1 477502 116.73694 39.92805
8168 30930467 1 272 60 1 39755541 116.93007 39.79453
8169 46946172 1 356 60 1 17478535 116.40837 39.94716
8170 32941603 8 178  1 40005777 116.37464 40.01719
8171 35408300 23 270  1 14190267 116.35732 39.92375
8172 32943898 8 354  1 32093116 116.40096 39.89649
8173 36641114 1 356 40 1 299193 116.81465 39.94737
8174 46946173 1 179 60 1 87757732 116.40823 39.94715
8175 36290781 2 92  1 49911445 116.60034 40.03623
8176 40529662 1 82 100 1 12666285 116.79153 39.94203
8177 61998036 2 21  1 62596263 116.5035 39.76277
8178 36419254 18 217  1 460819 117.32374 40.73273
8179 35408301 23 90  1 14190269 116.35727 39.92357
8180 36290782 22 171  1 87913832 116.59224 40.04583
8181 36362241 2 185  1 40425427 116.34592 39.72626
8182 30930469 1 78 60 1 16413955 116.839 39.81343
8183 36419255 18 236  1 28285592 117.3135 40.72311
8184 32943976 6 82  1 16739811 116.61086 40.29822
8185 62314202 2 265  1 71372742 116.32072 39.67445
8186 40529663 1 259 100 1 12666288 116.77756 39.94008
8187 30930471 1 68 50 1 525505 116.24319 40.16358
8188 61998110 2 173  1 18712721 116.28184 39.66747
8189 35408302 23 90  1 87767384 116.35875 39.93233
8190 36290783 2 86  1 19609854 116.42725 39.89347
8191 34601413 1 180 70 1 560860 116.66002 40.19045
8192 36419256 18 37  1 28285582 117.30907 40.71463
8193 46946176 1 0 40 1 87757740 116.41662 39.9471
8194 62314203 2 359  1 86750762 116.30694 39.67695
8195 30930473 1 64 70 1 609731 115.87977 40.48856
8196 35408303 23 271  1 15778524 116.35868 39.93244
8197 61998111 2 326  1 18712707 116.27786 39.68078
8198 40529664 1 248 40 1 12666290 116.7728 39.93856
8199 32943977 1 82 60 1 16739811 116.61085 40.29821
8200 30930474 1 244 70 1 609731 115.87976 40.48856
8201 36290785 22 351  1 87913832 116.59224 40.04584
8202 32941836 8 359  1 42236564 116.40823 39.95178
8203 61998997 2 269  1 50035277 116.31381 40.22249
8204 36419257 18 197  1 28285592 117.30292 40.70791
8205 35109210 1 343 50 1 49809942 116.78479 39.5944
8206 32943978 6 263  1 16739810 116.61087 40.29834
8207 62314204 2 265  1 9015191 116.29911 39.67702
8208 46946178 1 356 50 1 87757771 116.4349 39.92151
8209 35417215 1 0 40 1 14226509 116.47269 39.93149
8210 36290786 2 89  1 627004 116.42687 39.90056
8211 35408304 23 358  1 71777827 116.31045 39.91839
8212 40558089 1 282 100 1 12505748 116.71578 40.03688
8213 30930475 1 141 50 1 85731356 115.87511 40.45646
8214 46882181 1 324 80 1 87767847 116.35778 40.01801
8215 36419258 18 56  1 28285589 117.29792 40.69344
8216 46946179 1 357 80 1 87757769 116.4347 39.92154
8217 62314205 2 86  1 71372596 116.29809 39.67672
8218 35408305 23 358  1 49044777 116.31032 39.91839
8219 61998998 2 177  1 61870526 116.23337 40.22474
8220 40558091 21 141 120 1 49044799 116.3031 40.08837
8221 32943979 1 263 60 1 16739810 116.61086 40.29834
8222 36419259 18 242  1 85711820 117.29208 40.69038
8223 34601414 1 1 70 1 548156 116.64169 40.18928
8224 30930477 1 90 50 1 9000001340600 115.89124 40.45346
8225 62314206 2 357  1 9015180 116.29865 39.67644
8226 32974693 8 254  1 40601451 116.50488 39.93697
8227 46946180 1 178 80 1 87757766 116.43455 39.92154
8228 61998999 2 271  1 582492 116.23982 40.2246
8229 40558092 20 323 120 1 12505753 116.30292 40.08898
8230 36419260 18 342  1 28285584 117.30437 40.70309
8231 36290789 22 358  3 628430 116.41842 39.90341
8232 30930478 1 270 50 1 9000001340600 115.89123 40.45346
8233 32943980 6 272  1 86383209 116.6421 40.29326
8234 46946181 1 180 50 1 87757772 116.43438 39.92153
8235 36290790 2 89  1 629967 116.41811 39.90103
8236 62314207 2 356  1 71372568 116.27736 39.67792
8237 35408307 23 178  1 13884546 116.30992 39.91829
8238 40558094 1 295 100 1 12505757 116.14747 40.24532
8239 61999000 2 258  1 288424 116.73886 40.33014
8240 36419261 18 29  1 457680 117.33318 40.74707
8241 30930479 1 215 50 1 16524470 115.96468 40.44409
8242 46946182 1 269 70 1 87757775 116.43017 39.9245
8243 32943981 1 272 60 1 86383209 116.64209 40.29326
8244 35408308 23 91  1 87767218 116.31729 39.92375
8245 36290791 8 358  1 32092948 116.41873 39.89836
8246 36419289 2 109  1 29752649 116.31141 40.0697
8247 61999001 2 120  1 70618503 116.65198 40.37874
8248 32943982 6 92  1 86383206 116.64207 40.29317
8249 62314209 2 267  1 71372557 116.27557 39.68766
8250 30930480 1 195 80 1 606440 115.984 40.42843
8251 35408309 23 272  1 60395013 116.31723 39.92388
8252 36419290 2 338  1 61633629 116.31212 40.06931
8253 40558097 1 257 100 1 12505762 117.06056 40.08359
8254 36290792 2 346  1 71230746 116.19175 39.94769
8255 35289212 8 357  1 625895 116.42132 39.87534
8256 61999002 2 353  1 17637150 116.65744 40.40881
8257 36419291 2 326  1 19258303 116.31602 40.06176
8258 36290793 2 270  1 335338 116.19281 39.92485
8259 40558098 1 328 60 1 49045066 117.2118 40.10866
8260 60944124 18 91  1 14753140 116.41688 40.0222
8261 62314268 2 263  1 18065359 116.27771 39.67818
8262 36419292 5 155  1 699795 116.30448 40.05009
8263 32943984 1 192 50 1 292778 116.64292 40.29279
8264 30930481 1 151 70 1 85731380 115.98428 40.49943
8265 36290794 2 89  1 71230781 116.16886 39.92986
8266 61999003 22 85  1 19607586 116.64314 40.28885
8267 46946184 1 279 70 1 87757780 116.44148 39.92413
8268 40558099 1 304 120 1 12505764 116.28479 40.10989
8269 35408310 23 270  1 87767332 116.31364 39.9281
8270 30466209 1 284 100 1 14762240 116.32344 40.17408
8271 36290795 5 0  1 25961605 116.16291 39.92966
8272 30930482 1 347 15 1 72494269 116.12523 40.04914
8273 62314212 2 87  1 374923 116.30626 39.68148
8274 62163082 2 267  1 322022 116.20783 39.9731
8275 46946185 1 98 70 1 87757779 116.44146 39.92401
8276 36290796 2 91  1 71777932 116.16874 39.92623
8277 35408311 23 90  1 13884538 116.31555 39.93232
8278 40558100 1 104 100 1 12505766 116.32355 40.17396
8279 61999004 2 87  1 19607768 116.64157 40.28895
8280 36590266 2 90  1 534725 116.27871 39.59166
8281 31167077 1 180 40 1 9000000127919 116.21948 39.88358
8282 36419294 2 350  1 16628275 116.26549 40.02632
8283 32943985 6 342  1 17257379 116.64239 40.30043
8284 62314213 2 0  1 392667 116.30691 39.68395
8285 30930483 1 72 70 1 41867230 116.16385 40.09823
8286 36419295 5 70  1 703231 116.31127 40.04182
8287 61999005 2 85  1 549629 116.62562 40.1705
8288 46946187 1 265 40 1 87757836 116.45957 39.92853
8289 32941605 8 357  1 692103 116.35273 40.00329
8290 36292366 2 294  1 69991443 116.11463 39.92104
8291 40558101 1 88 120 1 12505769 116.62776 40.27404
8292 35408313 23 291  1 87767364 116.31474 39.94071
8293 30947037 1 344 50 1 395855 116.81016 40.18073
8294 46946188 1 86 40 1 87757835 116.45957 39.92853
8295 36419296 2 259  1 17398644 116.30876 40.0637
8296 30929084 23 90  1 809818 116.52779 39.95856
8297 62314214 2 270  1 392657 116.31144 39.68456
8298 35408314 23 111  1 12645697 116.31457 39.94039
8299 40558103 1 326 120 1 12505772 116.25572 40.14941
8300 46946190 1 0 50 1 665484 116.46196 39.92968
8301 30947038 1 210 60 1 409692 116.86828 40.19442
8302 36292367 2 281  1 87409401 116.09864 39.88416
8303 32943987 1 266 50 1 293952 116.6333 40.31597
8304 61999006 2 10  1 72286161 116.61876 40.21183
8305 35408315 23 111  1 13884481 116.31447 39.94028
8306 46946191 1 180 60 1 87757840 116.4614 39.92951
8307 30961048 6 359  1 85661671 116.63043 40.35396
8308 40558104 1 127 120 1 85624008 116.27443 40.11738
8309 62314215 2 263  1 18712741 116.29713 39.69057
8310 36292368 2 83  1 72516621 116.11552 39.79369
8311 61999007 2 267  1 50125086 116.46058 40.20835
8312 46946192 1 48 60 1 87757873 116.44458 39.96066
8313 36419298 2 334  1 61017644 116.30978 40.06699
8314 30979034 1 353 70 1 19284390 116.23579 39.89909
8315 35408316 23 87  1 19613441 116.31384 39.94552
8316 32943988 1 274 60 1 70811182 116.67002 40.30676
8317 62254971 2 242  1 19362899 116.54455 39.77066
8318 62314216 2 353  1 14366912 116.29678 39.69031
8319 30979035 1 175 70 1 275630 116.23567 39.89907
8320 31167078 1 250 30 1 368707 116.75952 40.79864
8321 36419299 2 148  1 14118274 116.30973 40.06708
8322 46946193 1 225 60 1 87757871 116.44453 39.96074
8323 35408317 23 354  1 87767221 116.32287 39.96064
8324 61999008 2 271  1 20234245 116.35777 40.22095
8325 36292369 1 292 60 1 20308053 116.11229 39.93663
8326 32943989 6 274  1 70811182 116.67005 40.30675
8327 30998043 1 58 50 1 488103 117.33585 40.64401
8328 46946195 1 90 50 1 87757887 116.42037 39.94923
8329 36292370 1 156 60 1 249587 116.11173 39.93646
8330 40558106 1 99 120 1 12505779 116.65759 40.27242
8331 61999009 2 86  1 61034317 116.35223 40.22013
8332 62314217 2 165  1 411097 116.28175 39.73957
8333 30998044 1 238 50 1 488103 117.33583 40.644
8334 35408318 23 173  1 87767223 116.32271 39.9606
8335 36419301 2 325  1 61633615 116.3142 40.06432
8336 32941606 8 176  1 14226708 116.3744 40.01995
8337 36292371 6 314  1 87580491 116.11146 39.92573
8338 40558107 1 222 100 1 85711820 117.28755 40.68658
8339 46946196 1 90 80 1 87757884 116.42039 39.94937
8340 30998045 1 77 50 1 483338 117.34176 40.64888
8341 62314218 2 86  1 86750626 116.27626 39.68279
8342 61999010 2 270  1 1536967 116.32781 40.22126
8343 36419302 2 53  1 19258172 116.30618 40.06237
8344 35408320 23 174  1 87767273 116.33436 39.96476
8345 36327421 2 74  1 26166891 116.51783 39.67323
8346 30998046 1 257 50 1 483338 117.34176 40.64888
8347 32943990 1 94 60 1 70811181 116.66992 40.30662
8348 36292372 2 273  1 30397623 116.11716 39.79387
8349 46946197 1 268 80 1 87757883 116.42037 39.94949
8350 40558108 1 349 40 1 87938876 117.20901 40.11721
8351 30475112 1 177 70 1 14613691 116.58056 39.69646
8352 62314219 2 322  1 71372561 116.27644 39.68268
8353 32943991 6 94  1 70811181 116.66996 40.30662
8354 35408321 23 87  1 14190140 116.33022 39.96716
8355 36419304 2 327  1 87902103 116.31309 40.06131
8356 36730388 7 93  1 87915717 116.68404 39.92365
8357 61999011 2 0  1 41917341 116.23363 40.22046
8358 46946202 1 45 40 1 87757895 116.45897 39.95391
8359 30998047 6 180  1 19368431 116.48979 39.97157
8360 36292373 2 155  1 69991446 116.11392 39.92147
8361 32943992 1 268 70 1 280238 116.698 40.32809
8362 36419305 2 326  1 55133422 116.3122 40.06262
8363 35408322 23 87  1 12645721 116.33018 39.96731
8364 30998077 1 87 50 1 50105189 115.74507 40.53449
8365 62314220 2 353  1 18071253 116.27568 39.68493
8366 46946203 1 227 40 1 87757894 116.45897 39.95391
8367 62314269 2 159  1 62385277 116.2773 39.67824
8368 40558110 1 127 120 1 49044793 116.28495 40.10961
8369 35408323 23 267  1 12645720 116.33007 39.96749
8370 32943993 1 194 60 1 49859670 116.64007 40.28033
8371 61999012 2 358  1 50059501 116.2335 40.22409
8372 36292374 2 226  1 69991453 116.11453 39.92164
8373 30998078 1 267 50 1 50105189 115.7451 40.53449
8374 62314221 2 354  1 20521449 116.2819 39.66691
8375 35408324 23 268  1 14190141 116.33006 39.9676
8376 36419306 2 142  1 50526028 116.31203 40.06286
8377 46946205 1 261 60 1 87757915 116.45786 39.94878
8378 61999013 2 87  1 61870597 116.22661 40.22409
8379 30998079 1 256 60 1 41917135 115.81093 40.33368
8380 36266564 2 356  1 794665 116.54225 40.11615
8381 36419307 2 164  1 707372 116.29283 40.05338
8382 32943994 6 209  1 19938044 116.62468 40.30122
8383 36308397 1 322 70 1 700078 116.32367 40.06278
8384 36419308 2 83  1 50047705 116.26765 40.04856
8385 35408326 23 69  1 407636 116.31689 39.96537
8386 30998080 1 50 60 1 41917018 115.86901 40.35606
8387 36308398 2 259  1 60394992 116.28002 40.05067
8388 32943997 1 279 60 1 346039 116.7873 40.09872
8389 61999015 2 357  1 41535493 117.11155 40.14555
8390 36308399 1 180 70 1 18061079 116.66002 40.19221
8391 36419309 5 142  1 26141249 116.31273 40.03709
8392 35408327 23 249  1 407638 116.31677 39.96549
8393 32943998 1 99 60 1 346039 116.78731 40.09872
8394 40558113 1 114 100 1 12505789 116.14623 40.24573
8395 46946206 1 82 60 1 87757912 116.45786 39.94863
8396 35289215 8 356  1 85974346 116.41909 39.8889
8397 36308401 2 348  1 61017688 116.33892 40.0797
8398 30998082 1 157 50 1 14762427 115.464 40.07865
8399 61999016 2 90  1 61632759 116.65964 40.17941
8400 35408328 23 249  1 407635 116.31667 39.96562
8401 36419310 2 260  1 17398604 116.30685 40.06664
8402 46946207 1 180 30 1 87757939 116.43349 39.94428
8403 36308402 2 80  1 70769620 116.3117 40.05798
8404 30998083 1 9 40 1 390342 115.41038 40.02188
8405 40558114 1 194 100 1 12505790 116.20832 40.18388
8406 36419311 2 261  1 61633628 116.31304 40.06751
8407 36308403 2 258  1 61017637 116.29337 40.05331
8408 35408329 23 336  1 87767235 116.32099 39.96799
8409 32944000 1 168 60 1 348606 116.80554 40.05624
8410 62314224 2 180  1 86750760 116.30672 39.67391
8411 61999017 2 289  1 40385359 116.49179 40.17311
8412 46946208 1 271 40 1 87757941 116.4323 39.94461
8413 36266565 2 276  1 9000001320583 116.54389 40.13159
8414 30998084 1 189 40 1 390342 115.41039 40.02196
8415 36308404 1 92 70 1 28203269 116.21543 40.06801
8416 40558116 1 68 120 1 12505797 116.56638 40.2568
8417 36419371 2 90  1 61017638 116.30782 40.07011
8418 46946209 1 90 40 1 87757940 116.4323 39.94461
8419 32944002 1 353 50 1 365331 116.77417 40.12459
8420 62314225 2 0  1 394144 116.3069 39.68082
8421 31150091 1 210 60 1 69604545 116.58533 40.28549
8422 30998085 1 342 40 1 395997 115.43819 39.96705
8423 35408330 23 88  1 12645779 116.30835 39.98513
8424 40558117 1 60 100 1 306235 116.90409 40.3909
8425 61999018 2 249  1 14762179 117.11396 40.39324
8426 46946210 1 353 50 1 87757945 116.434 39.94087
8427 40558118 1 248 100 1 12505799 116.90452 40.39126
8428 62314226 2 269  1 62385419 116.30722 39.69171
8429 35408331 23 268  1 12645781 116.30795 39.98531
8430 30998086 1 162 50 1 395997 115.43818 39.96709
8431 36419313 2 246  1 19258332 116.31806 40.06682
8432 36308405 2 256  1 30425466 116.23979 40.08287
8433 32944005 1 353 60 1 366060 116.86218 40.16271
8434 36362242 2 186  1 55313114 116.3226 39.4967
8435 30998091 1 251 50 1 366778 116.29292 40.33606
8436 32941858 1 82 70 1 86902111 116.32268 39.71288
8437 36308406 2 121  1 588676 116.43407 40.07327
8438 36308424 2 174  1 87901866 116.34432 40.08054
8439 30843133 1 265 50 1 245188 116.98966 39.75472
8440 61999019 2 71  1 991219 116.53093 40.24164
8441 40558119 1 106 100 1 12505803 116.19156 40.22603
8442 62018136 2 359  1 62385378 116.31126 39.68138
8443 30998093 1 137 60 1 20152768 116.91777 39.67206
8444 35408333 23 15  1 12514204 116.23796 39.85424
8445 62314227 2 83  1 415865 116.30638 39.69155
8446 46946211 1 180 30 1 87757943 116.43359 39.94065
8447 32944007 1 175 50 1 71369756 116.70587 40.06463
8448 36419314 2 65  1 19258322 116.31783 40.06662
8449 36590270 2 89  1 285983 116.39265 39.5562
8450 60972116 22 272  2 20459785 116.6161 40.05458
8451 30998094 1 316 60 1 88712675 116.91785 39.67211
8452 61999020 2 84  1 986710 116.59769 40.17394
8453 35408334 23 194  1 12514201 116.23774 39.8541
8454 46946213 1 270 70 1 42236201 116.42965 39.94111
8455 36308408 8 180  1 18061079 116.66002 40.19222
8456 62314228 2 90  1 392655 116.31086 39.68439
8457 36419315 2 309  1 17398599 116.30234 40.06747
8458 32944008 1 87 70 1 41122125 116.67809 40.06302
8459 30998095 1 260 50 1 88712823 116.82362 39.60482
8460 40558122 1 281 120 1 12505808 116.65712 40.27269
8461 35408335 23 196  1 49965773 116.2375 39.8541
8462 40558123 1 77 100 1 12505811 117.0613 40.08364
8463 61999021 2 94  1 30398060 116.63999 40.17099
8464 36308409 2 341  1 60921826 116.63804 40.31274
8465 36419316 2 258  1 17398601 116.30428 40.06609
8466 35408336 23 270  1 71113671 116.22276 39.89716
8467 32944009 1 281 60 1 9000001261850 116.71276 40.0406
8468 30998096 1 327 50 1 24449181 116.56627 40.31747
8469 40558124 1 142 120 1 12505813 116.25581 40.14898
8470 35408337 23 270  1 12514221 116.22278 39.89703
8471 30998097 1 147 40 1 24449181 116.56627 40.31747
8472 32944010 1 101 60 1 386699 116.71274 40.04053
8473 61999022 2 270  1 27959003 116.40217 40.21424
8474 40558125 1 306 120 1 12505814 116.27426 40.11767
8475 31137303 1 37 120 1 355881 116.04299 39.57945
8476 36419318 2 217  1 17398590 116.3023 40.06777
8477 32944011 1 266 70 1 49911331 116.72336 40.06313
8478 35408338 23 90  1 12514220 116.22291 39.89684
8479 62314229 2 4  1 375452 116.32248 39.70097
8480 36308411 2 75  1 710499 116.33324 40.07929
8481 40558127 1 246 120 1 14762261 116.69447 40.27204
8482 62046861 7 269  1 30223156 116.34913 39.98696
8483 46946216 1 268 50 1 87757956 116.43298 39.93664
8484 61999023 2 90  1 60924121 116.40121 40.21413
8485 35408339 23 89  1 16589813 116.22292 39.89672
8486 31140073 1 257 40 1 88052099 116.2713 39.79147
8487 36419319 2 339  1 14118289 116.30803 40.06999
8488 32931609 1 265 70 1 70040571 116.28539 39.94646
8489 40558128 1 243 120 1 14640972 116.8402 40.34839
8490 36308412 2 347  1 14118017 116.33838 40.08282
8491 60988108 1 271 70 1 32246159 116.472 39.9084
8492 62314230 2 0  1 395728 116.32014 39.67821
8493 36419372 2 261  1 55133580 116.31603 40.06193
8494 31140074 1 77 40 1 88052099 116.27129 39.79146
8495 40558129 1 64 120 1 12505821 116.84017 40.34819
8496 35408342 23 90  1 61034483 116.21334 39.90379
8497 46946217 1 88 50 1 87757955 116.43298 39.93664
8498 61999024 2 99  1 88645355 116.38737 40.2147
8499 36276351 5 355  1 19609879 116.39536 39.88335
8500 62314231 2 265  1 71372710 116.30743 39.67772
8501 31140075 1 4 40 1 320591 116.26779 39.78833
8502 36308413 15 74  1 692642 116.31464 40.07365
8503 40558131 1 12 100 1 28285582 117.31094 40.71956
8504 35408343 23 270  1 278373 116.21329 39.9039
8505 62018137 2 181  1 62385380 116.31114 39.68155
8506 35289218 1 270 80 1 40900699 116.38255 39.85718
8507 60994124 8 268  1 403363 116.34167 39.93737
8508 61999025 2 180  1 41917347 116.23352 40.22073
8509 36308414 2 337  1 702937 116.3239 40.07594
8510 36419322 2 168  1 19258009 116.26528 40.02693
8511 32944014 1 205 60 1 60434709 116.78785 40.1633
8512 62314232 2 85  1 71372598 116.30171 39.67701
8513 46946218 8 270  1 87757958 116.43096 39.93375
8514 36470756 2 168  1 14751990 116.86134 40.17252
8515 35408344 23 90  1 278205 116.21427 39.90734
8516 32918597 1 225 100 1 322760 116.47166 39.80159
8517 36308415 2 81  1 691111 116.34249 40.05957
8518 40564349 1 257 60 1 12512122 115.94305 40.36327
8519 32993808 8 201  1 41575447 116.36762 39.82567
8520 61999026 2 179  1 1533882 116.25043 40.2216
8521 62314233 2 146  1 61534010 116.31026 39.74724
8522 35408345 23 271  1 272573 116.21415 39.9075
8523 31140080 23 213  1 86033361 116.34493 39.78328
8524 36419323 2 139  1 72065879 116.21319 39.95642
8525 40564351 1 141 100 1 12512125 116.30909 40.04748
8526 36308416 2 67  1 70769626 116.32021 40.05993
8527 61999027 2 268  1 582498 116.24782 40.22487
8528 40564352 1 77 90 1 12512128 116.3001 40.01498
8529 32944015 1 184 70 1 15254820 116.92139 40.09119
8530 31140083 5 252  1 88052228 116.28924 39.83132
8531 60944142 8 180  1 14770686 116.46128 39.88966
8532 36308417 2 259  1 60394994 116.2853 40.0517
8533 62314234 2 131  1 406502 116.32295 39.72877
8534 40564355 1 204 80 1 12512134 116.58926 40.05279
8535 36419324 22 92  3 721566 116.43329 40.0218
8536 46946220 1 0 50 1 87757961 116.43447 39.93099
8537 36308418 2 263  1 30425470 116.21943 40.06834
8538 31140085 1 89 50 1 49048973 116.41099 39.83203
8539 35408346 23 83  1 88044094 116.2125 39.91069
8540 40564356 1 45 100 1 12512136 115.75576 40.43745
8541 32944016 1 4 70 1 15254823 116.92152 40.09115
8542 61999028 2 60  1 86344499 117.14602 40.41018
8543 36308419 2 80  1 19571961 116.27964 40.0505
8544 40564357 1 144 120 1 12512138 116.33847 40.04264
8545 31140088 1 283 70 1 88051180 116.4227 39.78624
8546 46946221 7 176  1 680817 116.43395 39.93091
8547 32944017 1 2 60 1 15339484 116.70612 40.05163
8548 61999029 2 167  1 17637097 116.64952 40.38155
8549 36419325 2 232  1 19258252 116.31428 40.06481
8550 62314235 2 353  1 18712720 116.2813 39.67179
8551 46946222 1 0 60 1 87757965 116.4256 39.94792
8552 31140103 1 359 50 1 32246009 116.46199 39.91586
8553 36593886 2 269  1 86879343 116.40292 39.71634
8554 35109257 1 244 100 1 754210 116.57083 40.03555
8555 35408347 23 263  1 88044094 116.2125 39.91069
8556 61999030 2 70  1 49796690 116.6476 40.34823
8557 40564362 1 351 60 1 12512145 116.28778 40.0111
8558 36419326 2 77  1 19258265 116.31165 40.06403
8559 36308420 2 149  1 19258174 116.30903 40.06264
8560 46946223 1 180 60 1 87757963 116.42543 39.94794
8561 31140104 1 90 50 1 634551 116.46699 39.90814
8562 32944018 1 182 60 1 15339484 116.70612 40.05162
8563 36308421 2 180  1 540248 116.65511 40.21562
8564 62314237 2 327  1 61534037 116.31327 39.74314
8565 32944020 1 160 70 1 377646 116.67787 40.01682
8566 36419327 2 81  1 61633608 116.31566 40.06185
8567 31140105 1 273 50 1 616630 116.4671 39.90853
8568 36308422 2 268  1 70618545 116.6307 40.34172
8569 35408349 23 253  1 88049192 116.21293 39.91704
8570 36419328 2 254  1 14118330 116.31314 40.06151
8571 36327426 1 254 70 1 325781 116.51834 39.67338
8572 61999032 2 247  1 61348636 116.85899 40.3727
8573 46946224 1 180 80 1 87757975 116.46165 39.93783
8574 62314238 2 0  1 394183 116.32224 39.69407
8575 31140107 1 89 50 1 687270 116.39344 39.96829
8576 32944021 1 267 50 1 16303343 116.8323 40.05112
8577 36308423 2 252  1 70618284 116.32966 40.07832
8578 61087076 23 356  1 14165676 116.36502 39.8553
8579 32924598 8 93  1 300079 116.24917 39.94728
8580 36419329 2 343  1 41575934 116.26688 40.02019
8581 31140276 1 199 70 1 237474 116.49804 39.64814
8582 36308719 1 181 40 1 635170 116.45254 39.87092
8583 40564364 1 91 90 1 12512147 116.42409 40.02208
8584 46946225 1 0 80 1 87757977 116.46184 39.93794
8585 35408350 23 90  1 49046864 116.21922 39.92463
8586 32944022 1 87 50 1 16303343 116.83231 40.05112
8587 36419331 2 270  1 305859 116.20937 39.94431
8588 35408351 23 270  1 12666263 116.21916 39.92478
8589 62357450 2 3  1 71192806 116.50152 39.73889
8590 36308425 2 354  1 19571958 116.25828 40.0471
8591 61999033 2 260  1 61078399 116.85119 40.37033
8592 36419332 22 33  1 752691 116.58967 40.07886
8593 62314240 2 0  1 96577478 116.3201 39.67403
8594 46946226 1 270 70 1 87757979 116.4605 39.94137
8595 32944024 1 340 60 1 39862115 116.09951 39.94889
8596 36308426 2 319  1 60394988 116.25612 40.05237
8597 35408352 23 77  1 12666262 116.23826 39.92529
8598 32974703 8 269  1 69904095 116.40657 39.9771
8599 40564365 1 70 120 1 12512150 116.5398 40.02357
8600 62255027 2 322  1 455148 116.52449 39.78679
8601 31140278 1 356 50 1 18058212 116.63558 39.60426
8602 61999034 2 82  1 61078400 116.85086 40.37019
8603 32944028 1 355 50 1 481017 115.84356 40.14655
8604 35408353 23 257  1 96053319 116.2381 39.92536
8605 46946227 1 90 70 1 30050269 116.46052 39.94126
8606 36419333 2 245  1 61633597 116.31074 40.06064
8607 36308428 2 52  1 723011 116.43418 40.07291
8608 62314241 2 85  1 26172136 116.27529 39.68512
8609 31140279 1 176 70 1 18058212 116.63557 39.60431
8610 36419334 2 328  1 61017649 116.30875 40.06334
8611 35408354 23 92  1 86889453 116.21617 39.93334
8612 36308429 2 88  1 689497 116.34226 40.06358
8613 46946228 1 180 60 1 62258242 116.46147 39.94458
8614 31140280 1 0 70 1 61200120 116.62622 39.63751
8615 40564366 1 294 40 1 12512152 116.59677 40.05286
8616 35408355 23 272  1 86889450 116.21612 39.93343
8617 35411239 23 357  1 88075001 116.39482 39.96625
8618 62314242 2 76  1 14366976 116.28097 39.67187
8619 46946229 1 0 50 1 685450 116.46204 39.94458
8620 36419335 2 78  1 17398642 116.30831 40.06349
8621 36308430 2 268  1 70618291 116.34499 40.08044
8622 40564367 1 88 100 1 12512153 115.77244 40.44635
8623 35408356 23 358  1 12666257 116.21213 39.93381
8624 31140281 1 180 50 1 61200120 116.62622 39.63751
8625 62314243 2 180  1 392665 116.30669 39.68213
8626 31150098 1 23 50 1 19607540 116.68306 40.24552
8627 32944030 1 336 60 1 87904947 116.08933 39.98106
8628 62254890 2 141  1 320369 116.49789 39.80082
8629 36419336 2 72  1 61633623 116.31649 40.06836
8630 36308431 2 261  1 70769619 116.30852 40.05758
8631 61999037 2 13  1 321377 116.83634 40.36177
8632 40564368 1 270 90 1 12512158 116.34209 40.02327
8633 31140286 1 179 70 1 256642 116.53311 39.62942
8634 35408357 23 178  1 88049564 116.21196 39.93307
8635 46946231 1 229 70 1 87757995 116.4499 39.95558
8636 36419337 2 144  1 61633626 116.31653 40.06858
8637 31140287 1 359 70 1 256642 116.53311 39.62941
8638 35408358 23 94  1 9000000115112 116.2231 39.95489
8639 36308432 2 348  1 644217 116.28493 40.05139
8640 32944033 1 148 50 1 50048416 116.0296 39.8807
8641 32941615 1 358 50 1 32234272 116.39462 39.98349
8642 40564370 20 14 120 1 12512160 116.4823 40.04593
8643 61999038 2 338  1 61078396 116.85106 40.37001
8644 46946232 1 49 70 1 682356 116.45008 39.95555
8645 31140288 1 259 70 1 227106 116.67424 39.65784
8646 62314245 2 0  1 14366905 116.3069 39.69126
8647 36308433 5 20  1 18059906 116.41676 40.05779
8648 40564371 1 271 90 1 12512161 116.43107 40.02212
8649 35408359 23 273  1 88049259 116.22307 39.95497
8650 62314246 2 83  1 18063344 116.30158 39.691
8651 31140289 1 342 70 1 18729775 116.42387 39.58494
8652 36419339 2 151  1 19258169 116.30343 40.06149
8653 46946236 1 269 70 1 87758021 116.49734 39.92304
8654 61999039 2 97  1 19953351 116.37809 40.21716
8655 36308434 2 186  1 15086184 116.63709 40.31913
8656 35408360 23 90  1 88049255 116.22749 39.97307
8657 46946237 1 89 70 1 87758022 116.49734 39.92293
8658 32944036 1 236 60 1 20211854 116.09967 39.88822
8659 31140290 1 162 70 1 18729775 116.42387 39.58494
8660 62314247 2 256  1 71372285 116.28663 39.7228
8661 46800212 1 90 70 1 87729060 116.45895 39.89337
8662 36308437 2 257  1 50047924 116.34291 40.06373
8663 35408361 23 270  1 72494370 116.22744 39.97314
8664 40564372 1 27 100 1 12512164 116.59637 40.0074
8665 62314248 2 90  1 9015206 116.30371 39.74345
8666 32944037 1 56 60 1 20211852 116.09942 39.88785
8667 61999040 2 269  1 578208 116.23367 40.22959
8668 36308438 1 142 80 1 698025 116.31424 40.07379
8669 36354247 2 269  1 313528 116.34032 39.76683
8670 32974704 1 214 80 1 71113687 116.43762 39.98079
8671 32944038 1 266 40 1 50101221 116.1046 39.94869
8672 36419341 7 98  1 16590782 116.53396 40.0406
8673 62254891 2 244  1 319641 116.49839 39.80071
8674 31140292 1 97 70 1 14452625 116.21937 39.69766
8675 36419374 5 159  1 696618 116.30113 40.04933
8676 62314249 2 86  1 26171463 116.35044 39.73637
8677 61999041 2 89  1 566252 116.23291 40.22949
8678 40564373 1 211 100 1 12512165 116.59619 40.00753
8679 46946239 1 258 70 1 40416640 116.49429 39.93405
8680 31140293 1 289 70 1 86927704 116.19026 39.7134
8681 35408364 23 90  1 19357966 116.22426 39.99262
8682 36419343 5 330  1 701322 116.3038 40.04459
8683 40564374 1 98 60 1 12512168 115.89107 40.35889
8684 61999042 2 90  1 587030 116.22673 40.21248
8685 36665246 2 176  1 41575396 116.41201 39.89771
8686 31140294 1 109 70 1 86927704 116.19025 39.7134
8687 36308440 2 134  1 70618210 116.25503 40.05299
8688 46946240 1 83 70 1 87758035 116.4944 39.93394
8689 62171780 1 340 60 1 32092584 116.42216 40.05949
8690 34601460 8 340  1 15778582 116.32192 39.96559
8691 36419344 2 328  1 61633642 116.30685 40.06643
8692 40564375 1 326 120 1 12512170 116.3384 40.04311
8693 61999043 1 353 15 1 86344773 116.88525 40.383
8694 31167086 1 202 50 1 18063813 116.63103 40.73382
8695 46946260 1 357 70 1 88075000 116.39482 39.96617
8696 32944044 1 332 50 1 248808 116.12458 39.93082
8697 31140295 1 265 40 1 16303311 117.04079 40.00094
8698 36419345 2 148  1 61633643 116.30653 40.06674
8699 36308442 2 354  1 41634413 116.41403 40.05764
8700 40564376 20 294 100 1 12512172 116.59894 40.03429
8701 62314251 2 0  1 26172150 116.29084 39.74783
8702 35408365 1 251 60 1 321422 116.84352 40.35895
8703 32944045 1 152 50 1 248808 116.12459 39.9308
8704 46946261 1 228 60 1 88075002 116.49671 39.99497
8705 36470761 2 179  1 15265690 116.49884 40.13451
8706 31140296 1 85 40 1 16303313 117.04079 40.00085
8707 36419346 2 157  1 61633618 116.31376 40.06484
8708 32944046 1 257 40 1 233359 116.11051 39.931
8709 40564377 21 117 100 1 87913790 116.59864 40.03423
8710 31140297 1 250 50 1 347216 116.80296 40.0299
8711 61999045 2 313  1 70618124 116.65262 40.37836
8712 32944069 1 34 60 1 86318842 117.17057 40.59269
8713 40564378 1 25 100 1 759012 116.58951 40.05287
8714 36419348 2 271  1 53884491 116.17971 39.91456
8715 36308444 2 182  1 30252294 116.66 40.18987
8716 32944070 1 214 40 1 86318842 117.17057 40.59269
8717 35408366 1 219 50 1 325481 116.83973 40.37612
8718 31140298 1 287 50 1 16303331 116.79836 40.03071
8719 36419349 2 295  1 72305605 116.21382 39.95607
8720 40564381 1 177 120 1 12512178 116.48213 40.06334
8721 62314254 2 180  1 40425414 116.32201 39.68865
8722 61999046 2 311  1 16739730 116.65025 40.38087
8723 36308445 2 180  1 70618548 116.63037 40.34189
8724 31140299 1 107 50 1 16303331 116.79838 40.03071
8725 62314277 2 166  1 62385606 116.28626 39.72302
8726 36419350 2 329  1 19258042 116.31074 40.06009
8727 32965769 8 181  1 503989 116.27373 39.90641
8728 35410215 7 39  1 357827 116.62742 39.79181
8729 32919697 6 203  1 9000001337388 116.00542 40.45179
8730 40564382 1 358 120 1 19376913 116.48229 40.06334
8731 31140300 1 183 50 1 363254 116.80557 40.03314
8732 61999047 2 337  1 40387230 116.27895 40.16843
8733 62314255 2 179  1 40425416 116.32203 39.6851
8734 46946265 1 270 80 1 88075085 116.37944 39.98772
8735 36419351 2 148  1 19258056 116.31018 40.06078
8736 40564384 1 241 120 1 12512180 116.52077 40.01671
8737 34604213 1 10 70 1 14165856 116.48759 39.8617
8738 36562591 2 356  1 61040421 116.41497 39.84207
8739 35417233 8 324  1 87767847 116.35782 40.01795
8740 31140301 1 3 50 1 363254 116.80557 40.03313
8741 61999048 2 58  1 61870491 116.53822 40.24727
8742 40564386 1 121 40 1 12512183 116.59676 40.05279
8743 32965771 8 345  1 30016279 116.42085 39.8844
8744 62314256 2 198  1 40425420 116.3201 39.67908
8745 46946266 1 177 70 1 88075094 116.3873 39.99162
8746 35411213 1 234 120 1 12505758 116.53862 40.24486
8747 46946267 1 269 50 1 88075118 116.41002 39.99508
8748 36308448 2 180  1 19571900 116.18642 40.06888
8749 40564387 1 250 120 1 12512186 116.53973 40.0237
8750 36419353 2 157  1 19258294 116.31268 40.06763
8751 31140302 1 68 70 1 16222484 117.08856 39.98979
8752 32965772 8 271  1 446876 116.35977 39.88946
8753 62314257 2 182  1 395743 116.31988 39.67461
8754 35411214 18 248  1 12505758 116.54723 40.24931
8755 40566361 20 269 80 1 12514172 116.19679 39.88921
8756 61999049 2 266  1 549617 116.62618 40.1707
8757 36419354 2 336  1 19258167 116.302 40.06438
8758 36308449 2 180  1 41634387 116.42128 40.06804
8759 40566362 21 90 80 1 12514169 116.19683 39.88902
8760 60972140 22 122  1 20255579 116.55827 40.40039
8761 32965773 8 270  1 62237980 116.37051 39.88933
8762 62314258 2 2  1 395773 116.32 39.67
8763 61999050 2 245  1 982144 116.53915 40.24776
8764 31140303 1 179 50 1 16222233 117.04391 39.96489
8765 36419355 2 272  1 61633638 116.30815 40.07023
8766 36308450 8 1  1 548143 116.66016 40.19425
8767 32965774 8 181  1 87808824 116.37432 39.8862
8768 46946269 1 269 50 1 88075122 116.42311 39.99366
8769 36308451 2 176  1 371308 116.35892 39.93677
8770 35411215 1 180 30 1 15076143 116.14199 39.74905
8771 62314259 2 85  1 71372707 116.3061 39.67738
8772 40566363 1 221 80 1 12514174 116.23893 39.85721
8773 31140304 1 359 50 1 16222233 117.04391 39.96488
8774 36419356 2 86  1 70618203 116.28171 40.03378
8775 32965775 8 85  1 499130 116.37499 39.86744
8776 36308452 2 1  1 40428859 116.34407 39.9321
8777 35411217 18 188  1 12514183 116.21132 39.91653
8778 46946270 1 90 50 1 88075123 116.42311 39.99358
8779 61999051 2 95  1 30398051 116.57874 40.17437
8780 30854070 1 0 50 1 997311 116.5127 40.19238
8781 40566364 1 172 100 1 12514175 116.54811 39.86263
8782 31140305 1 3 40 1 86744504 116.82314 40.03915
8783 32965776 8 2  1 14452379 116.37147 39.85268
8784 36419357 5 72  1 707475 116.30722 40.04826
8785 36308453 22 269  1 579184 116.38903 39.93566
8786 40566365 1 0 100 1 88082010 116.5483 39.86241
8787 35411218 18 5  1 277410 116.2115 39.91653
8788 62314260 2 179  1 9015238 116.30224 39.67751
8789 61999052 2 270  1 70199481 116.29442 40.2221
8790 46932336 1 193 60 1 9000001261322 116.75771 40.21489
8791 31140306 1 183 50 1 86744504 116.82314 40.03915
8792 46946272 1 269 80 1 88075179 116.38833 39.98798
8793 32965777 8 180  1 88060782 116.37081 39.83881
8794 36308454 2 90  1 401549 116.33333 39.93237
8795 40566366 1 272 100 1 12514180 116.59296 39.90942
8796 36419358 5 251  1 687596 116.30974 40.03839
8797 32965778 8 88  1 30016314 116.38844 39.90018
8798 36308455 5 304  1 699383 116.38592 39.93573
8799 46946273 1 268 60 1 88075181 116.38833 39.9882
8800 62314261 2 83  1 40005425 116.27722 39.675
8801 40566367 1 92 100 1 12514182 116.59296 39.90908
8802 31140307 1 10 50 1 9000000098209 116.98646 40.03835
8803 32965779 8 180  1 441509 116.37439 39.89601
8804 36419359 2 328  1 55133397 116.30943 40.06223
8805 34604214 7 180  1 15154504 116.48967 39.88265
8806 62018142 2 177  1 62385391 116.31115 39.6882
8807 46946274 1 88 80 1 88075183 116.38846 39.98781
8808 40566368 1 188 90 1 12514183 116.21131 39.91646
8809 61999053 2 354  1 588477 116.2398 40.22052
8810 35411222 1 270 80 1 14770694 116.51041 39.90798
8811 36419360 2 149  1 61633639 116.30832 40.0638
8812 62314262 2 269  1 26172122 116.2799 39.67824
8813 31140308 1 190 50 1 9000000098209 116.98646 40.03836
8814 61999054 2 269  1 40428543 116.22758 40.21263
8815 32965780 8 358  1 624359 116.39989 39.86242
8816 36308457 22 268  1 699384 116.38694 39.9356
8817 46946275 1 267 70 1 671720 116.41683 39.98892
8818 35411223 18 269  1 12514241 116.55587 39.90938
8819 32918602 8 103  1 40015750 116.58972 39.91235
8820 62314263 2 149  1 9015169 116.27626 39.68295
8821 36308458 2 270  1 30261118 116.32991 39.93248
8822 40566369 20 274 100 1 12514186 116.58831 39.90958
8823 32965781 8 179  1 624349 116.39972 39.86244
8824 35411224 18 269  1 12514241 116.56145 39.90947
8825 31140309 1 174 50 1 309511 116.94516 40.04296
8826 40566370 21 94 80 1 12514188 116.58826 39.90924
8827 46946276 1 90 70 1 88075203 116.43064 39.98885
8828 60994128 8 0  1 40428755 116.31023 39.9353
8829 61999055 2 93  1 60924123 116.39405 40.21419
8830 36308459 5 270  1 579184 116.38836 39.93565
8831 32965782 8 181  1 557485 116.42175 39.84862
8832 31140310 1 354 50 1 309511 116.94516 40.04296
8833 36419363 2 326  1 61633621 116.31674 40.06827
8834 40566373 1 253 100 1 12514192 116.62074 39.90894
8835 32965783 8 351  1 624544 116.44584 39.85149
8836 36308687 2 265  1 70461751 116.44805 39.76577
8837 61999056 2 270  1 54896845 116.85632 40.37616
8838 35411225 18 89  1 12514240 116.56039 39.90911
8839 46946277 1 90 80 1 88075201 116.43065 39.98901
8840 31140311 1 170 80 1 16303214 116.93044 40.05019
8841 32924604 8 85  1 84796911 116.18501 39.92451
8842 32965785 8 93  1 628477 116.49993 39.90772
8843 36308688 2 83  1 321845 116.44779 39.76566
8844 35411229 7 85  1 41758209 116.52221 39.82631
8845 40566374 1 72 100 1 12514189 116.62086 39.9088
8846 61999057 2 191  1 17637134 116.66092 40.40081
8847 40566377 1 312 100 1 12514199 116.23078 39.83976
8848 31140312 1 349 80 1 16303216 116.93058 40.05021
8849 62314266 2 88  1 14367013 116.31957 39.67427
8850 35411230 23 268  1 88075084 116.3794 39.98772
8851 36419365 2 28  1 61633645 116.30217 40.06736
8852 36308689 2 90  1 71185992 116.38084 39.76406
8853 35417235 8 142  1 87767813 116.35267 40.02423
8854 46946278 1 270 80 1 88075199 116.43058 39.98917
8855 40566379 1 195 80 1 12514202 116.23776 39.85417
8856 62326893 2 195  1 72580058 116.18599 39.86694
8857 32974690 1 356 60 1 686812 116.44101 39.91984
8858 35411231 23 89  1 12676403 116.37964 39.98755
8859 36308690 8 177  1 306844 116.40168 39.82379
8860 31140313 1 347 50 1 9000001326444 116.87224 40.04284
8861 32974691 8 89  1 87758023 116.49749 39.92293
8862 46946279 1 267 70 1 88075198 116.43057 39.98932
8863 40566380 1 15 80 1 12514203 116.23793 39.85414
8864 35411232 6 358  1 676571 116.39432 39.98524
8865 31140314 1 167 50 1 9000001326444 116.87224 40.04284
8866 36419366 2 64  1 61633649 116.30461 40.0694
8867 32974692 1 178 70 1 676568 116.39337 39.98369
8868 40698129 1 85 80 1 12645740 116.34093 39.98634
8869 61999059 2 88  1 70763805 116.27575 40.22187
8870 36308711 2 184  1 590198 116.45379 39.906
8871 62314267 2 85  1 71372711 116.31071 39.67779
8872 31150081 1 245 50 1 312951 116.49221 39.78437
8873 35411233 6 356  1 42255090 116.39437 39.98436
8874 40566381 23 270  1 12514206 116.50613 39.87082
8875 36419367 2 252  1 61633654 116.30507 40.0697
8876 61999060 2 268  1 50059491 116.23403 40.22065
8877 36308712 5 355  1 49189950 116.45113 39.90424
8878 31150087 1 269 70 1 88653300 116.71719 40.32845
8879 46946280 1 277 80 1 88075205 116.43801 39.98916
8880 35411234 6 358  1 42255090 116.39441 39.98359
8881 40566382 23 90  1 553742 116.50614 39.87065
8882 61999061 2 357  1 573999 116.23326 40.22917
8883 32974694 8 253  1 582013 116.49978 39.93553
8884 61000123 8 302  1 87757706 116.4431 39.96536
8885 31150088 1 265 40 1 386050 116.57293 40.29065
8886 34552498 1 94 80 1 28298528 116.28107 39.46261
8887 35411235 23 2  1 88075233 116.40768 39.99084
8888 34604218 18 257  1 626010 116.45884 39.83334
8889 35297236 8 179  1 87757648 116.40799 39.95493
8890 36419369 2 335  1 70769613 116.30406 40.06581
8891 40566385 1 322 120 1 12514214 116.63919 39.78626
8892 31150089 1 85 60 1 386053 116.57295 40.2905
8893 62171085 2 178  1 617308 116.38669 39.83768
8894 32974695 8 74  1 676425 116.4986 39.93507
8895 46946281 1 276 60 1 31779774 116.43827 39.98931
8896 31150090 1 30 60 1 69604545 116.58532 40.28547
8897 61999062 2 267  1 61870599 116.22715 40.2242
8898 40566386 1 141 120 1 12514211 116.63897 39.78618
8899 36419370 2 132  1 70769609 116.30378 40.06619
8900 36308714 2 63  1 70610085 116.45543 39.90645
8901 46946282 1 102 80 1 88075209 116.43796 39.98884
8902 32974696 8 75  1 49143444 116.49565 39.93425
8903 62314270 2 269  1 40005426 116.27789 39.68087
8904 35411236 23 182  1 88075231 116.40752 39.99075
8905 61999063 2 88  1 70617904 116.65485 40.21185
8906 40566389 1 270 80 1 12514222 116.22283 39.89703
8907 32941879 8 352  1 650216 116.31872 40.01019
8908 36308715 23 90  1 636209 116.45858 39.89721
8909 32974697 8 270  1 14226482 116.47731 39.93379
8910 36327431 1 275 40 1 12855557 116.38391 39.84544
8911 35411237 23 358  1 88075239 116.41725 39.98617
8912 36308716 2 270  1 41629705 116.43951 39.89378
8913 46946283 1 103 60 1 88075211 116.43794 39.98879
8914 61999064 2 267  1 986706 116.59804 40.17413
8915 32974698 8 269  1 674902 116.4123 39.93349
8916 31150092 1 180 60 1 15086279 116.63045 40.33227
8917 62314273 2 0  1 86750772 116.30694 39.67311
8918 46946284 1 108 60 1 88075225 116.44614 39.9859
8919 36308717 23 272  1 17533489 116.46078 39.88779
8920 35411238 23 176  1 88075238 116.41713 39.98603
8921 32974700 8 359  1 32221053 116.40818 39.95394
8922 31150093 1 275 40 1 279236 116.638 40.32871
8923 46946285 1 105 30 1 88075223 116.44618 39.98597
8924 61999065 2 88  1 70091866 116.29337 40.222
8925 36308718 1 181 60 1 15340561 116.45081 39.87071
8926 32974702 5 89  1 42236451 116.41646 39.94839
8927 62314274 2 272  1 374920 116.30739 39.68147
8928 31150094 1 31 70 1 294326 116.65322 40.31285
8929 40566391 1 270 80 1 12514226 116.24958 39.89704
8930 36419373 2 145  1 14272989 116.31288 40.06163
8931 61999066 2 359  1 16461393 116.25055 40.22087
8932 46946286 1 108 80 1 88075222 116.44642 39.98605
8933 31150097 1 174 60 1 19607754 116.63064 40.31482
8934 62314275 2 181  1 392585 116.30669 39.68844
8935 36308720 1 190 40 1 70610011 116.45581 39.86742
8936 40566392 1 89 80 1 12514223 116.24955 39.89686
8937 61999067 2 356  1 27959215 116.24061 40.21258
8938 46946287 1 291 80 1 88075219 116.44641 39.98623
8939 31150099 1 203 50 1 19607540 116.68308 40.24557
8940 40566393 1 272 80 1 12514228 116.50312 39.90812
8941 36308721 1 10 40 1 70610011 116.45581 39.86742
8942 62314276 2 271  1 39046855 116.31574 39.68815
8943 46946288 1 315 30 1 88075217 116.44643 39.98626
8944 36470769 2 355  1 71369243 116.83561 40.17114
8945 35411240 23 356  1 32234194 116.39494 39.96624
8946 31150101 1 271 30 1 70454766 116.65895 40.2961
8947 36276383 1 180 50 1 636460 116.3982 39.89071
8948 61999068 2 88  1 40428464 116.23948 40.22456
8949 31150102 1 91 30 1 9000000130221 116.65895 40.29583
8950 36419375 2 178  1 14366578 116.18667 39.91124
8951 40566394 1 91 80 1 12514230 116.50309 39.90791
8952 46946289 1 290 60 1 88075215 116.4465 39.9864
8953 32974705 8 177  1 687370 116.41791 39.9683
8954 61999069 2 88  1 87233410 116.24746 40.22485
8955 62171089 2 353  1 315653 116.38008 39.77081
8956 31150103 1 14 40 1 386093 116.56263 40.33322
8957 36308722 1 359 40 1 613849 116.45737 39.87071
8958 46946290 1 181 70 1 88075232 116.40752 39.99079
8959 31162067 1 179 40 1 415654 116.26469 39.92168
8960 32974706 8 176  1 29880277 116.51725 39.93931
8961 32924609 8 117  1 336506 116.23732 39.95434
8962 35411241 23 268  1 87757506 116.3799 39.96835
8963 36308723 2 91  1 606417 116.45758 39.90659
8964 32941623 8 357  1 682659 116.41754 39.98039
8965 31150104 1 353 50 1 9000001311313 116.51079 40.26322
8966 36419376 7 228  1 746311 116.5048 40.00349
8967 46946291 1 1 70 1 88075234 116.40768 39.99079
8968 36420381 18 81  1 14641301 116.36382 39.86904
8969 35297238 8 171  1 87767289 116.37027 39.96597
8970 61999070 2 358  1 584018 116.23959 40.22438
8971 32974707 1 5 70 1 88640096 116.57108 39.97922
8972 36327432 2 268  1 55018902 116.30511 39.8373
8973 40566395 1 270 60 1 15154462 116.51608 39.90791
8974 36308724 2 177  1 633561 116.45781 39.9069
8975 36420380 22 181  1 503989 116.27373 39.90641
8976 35411242 23 268  1 12676373 116.37999 39.96824
8977 46956116 1 196 60 1 87824229 116.66409 39.87319
8978 31150105 1 173 50 1 9000001311313 116.51079 40.26321
8979 61999071 2 175  1 575480 116.23958 40.2247
8980 32993595 1 270 70 1 410472 116.62493 39.75696
8981 36308725 23 271  1 546273 116.45803 39.89731
8982 46946292 1 357 70 1 88075240 116.41725 39.98612
8983 62314279 2 0  1 394219 116.32225 39.69131
8984 61999072 2 70  1 442244 117.03231 40.35809
8985 40566396 1 90 80 1 12514232 116.51608 39.90776
8986 35417218 18 269  1 331092 116.21167 39.9413
8987 35411243 23 89  1 680551 116.38074 39.96809
8988 32993596 1 90 70 1 410472 116.62493 39.75696
8989 62326881 2 114  1 72580062 116.18549 39.86661
8990 31150150 1 249 80 1 18063847 116.72511 40.78424
8991 61999073 2 248  1 306366 116.88564 40.38342
8992 36308726 2 181  1 614432 116.46078 39.87186
8993 32993625 6 113  1 488076 116.635 39.90589
8994 62314280 2 13  1 395709 116.32217 39.68423
8995 31150151 1 268 80 1 72291699 116.74972 40.82263
8996 46946293 1 176 70 1 88075237 116.41713 39.98607
8997 40566399 1 270 100 1 12514242 116.56525 39.90954
8998 32993626 8 84  1 30334576 116.63728 39.90595
8999 36308727 1 179 60 1 15340307 116.45586 39.87092
9000 62016103 2 266  1 71759739 116.41375 39.68162
9001 30843145 1 134 60 1 16284961 116.9652 39.74776
9002 35411244 23 88  1 87757516 116.38077 39.96797
9003 46946294 1 117 60 1 666874 116.46311 39.97521
