3605 32919608 23 90  1 327517 116.35238 39.83081
3606 62360819 2 7  1 353882 116.10713 39.90932
3607 34580392 1 230 40 1 340586 116.79674 40.35583
3608 36270393 2 353  1 70811123 116.63124 40.31084
3609 60944201 23 356  1 87728949 116.44522 39.86335
3610 62314832 2 85  1 70042603 116.40244 39.67717
3611 36354325 2 89  1 606247 116.42052 40.07947
3612 46800228 1 267 80 1 40259772 116.46798 39.90487
3613 36270394 2 0  1 15086371 116.63066 40.31858
3614 62360820 2 9  1 20211975 116.0971 39.91009
3615 60944202 23 170  1 87728947 116.44511 39.86335
3616 30469158 1 283 30 1 14753077 117.39037 40.65121
3617 32919609 1 90 80 1 15086950 116.35707 39.831
3618 34580393 1 166 40 1 84915829 116.78815 40.35015
3619 62140928 2 180  1 15358395 116.76601 40.21176
3620 46800234 1 355 50 1 88026166 116.37592 40.00402
3621 36270395 2 270  1 85159491 116.63063 40.3245
3622 36677548 2 90  1 342068 116.85837 40.37606
3623 60944203 23 180  1 87728946 116.44505 39.86332
3624 34580398 6 269  1 88739763 116.62069 40.12886
3625 30469159 1 105 30 1 14753078 117.39037 40.65121
3626 36354326 2 2  1 41634323 116.4213 40.07915
3627 32919611 8 17  1 338813 116.37048 39.83281
3628 36593974 2 354  1 70042525 116.42032 39.68187
3629 36270398 2 270  1 331919 116.84085 40.37609
3630 62140929 2 179  1 70618539 116.64457 40.33569
3631 60944204 23 272  1 631854 116.44426 39.85909
3632 30469160 1 270 30 1 14753080 117.38668 40.65257
3633 46800235 1 357 70 1 88026171 116.38659 40.00819
3634 36354327 2 180  1 725980 116.41708 40.06203
3635 62367469 2 0  1 355854 116.01339 39.50165
3636 34543223 8 177  1 70040544 116.30976 39.94773
3637 36593976 2 181  1 71759641 116.40732 39.70473
3638 30469161 1 95 40 1 14753079 117.38668 40.65257
3639 62140930 2 91  1 400534 116.75029 40.19637
3640 32919614 8 200  1 18057575 116.36598 39.82147
3641 46800236 1 176 70 1 88026172 116.38648 40.00818
3642 36354328 2 351  1 588661 116.41693 40.06437
3643 34580395 6 263  1 14640912 116.83411 40.36501
3644 60944205 23 272  1 631855 116.44428 39.85895
3645 36593977 2 181  1 18667079 116.40736 39.70732
3646 60774096 1 0 40 1 19615527 116.31397 39.79587
3647 32919615 8 349  1 69991704 116.36529 39.81493
3648 30469162 1 44 80 1 14753116 116.29005 39.97947
3649 36354329 2 359  1 41634360 116.42134 40.0737
3650 62140931 2 352  1 20232277 116.85291 40.17234
3651 36270400 2 269  1 71369255 116.81294 40.17019
3652 32919616 8 172  1 69991705 116.36491 39.81586
3653 36593978 2 347  1 210178 116.40282 39.71607
3654 46800237 1 177 70 1 17230604 116.38665 40.00525
3655 60944206 23 91  1 631858 116.44434 39.85878
3656 62367471 2 94  1 26121200 116.0131 39.50208
3657 30469167 1 268 80 1 663508 116.37505 39.96812
3658 62140932 1 180 50 1 61791154 116.76715 40.18149
3659 36593979 2 166  1 212941 116.40377 39.71208
3660 32919617 8 352  1 339283 116.36602 39.81044
3661 36354331 2 180  1 41634400 116.42126 40.06206
3662 34580396 6 83  1 14640913 116.83411 40.36501
3663 60944207 23 90  1 630382 116.44435 39.85865
3664 36593980 2 347  1 210529 116.39777 39.7138
3665 30469170 1 167 80 1 14753132 116.4894 39.95337
3666 32919618 8 171  1 15827914 116.36571 39.81059
3667 34765240 8 357  1 619791 116.40055 39.84902
3668 36593981 1 270 50 1 86879214 116.39792 39.71402
3669 46800238 1 80 70 1 88026178 116.38399 40.02059
3670 62371748 22 170  1 53887791 116.46304 39.99014
3671 30469174 1 272 90 1 70769022 116.41681 40.02235
3672 36270401 2 175  1 71369242 116.83555 40.17189
3673 32919619 8 351  1 88052608 116.36718 39.80192
3674 36593982 2 355  1 19355454 116.33917 39.78471
3675 36354333 2 182  1 41484756 116.18681 40.05719
3676 34580397 1 171 60 1 55117478 116.59336 40.05826
3677 60944208 23 177  1 630445 116.43203 39.85976
3678 62140933 2 270  1 414467 116.7851 40.22177
3679 36593983 2 172  1 71372585 116.29215 39.69016
3680 60944209 23 357  1 630445 116.43203 39.85977
3681 62371749 18 341  1 88075339 116.37779 39.99063
3682 36354334 2 285  1 19571874 116.17367 40.04622
3683 46800239 1 260 70 1 88026177 116.38397 40.02072
3684 30469176 1 63 100 1 14753141 116.57093 40.03543
3685 36270403 2 186  1 15086234 116.63787 40.32512
3686 31167319 1 357 30 1 9000000107944 116.12155 39.5708
3687 36593984 2 172  1 86889437 116.29396 39.67695
3688 60944210 23 270  1 15154477 116.41737 39.85719
3689 62371750 2 287  1 49913586 116.12766 39.93909
3690 46800240 1 270 90 1 88026165 116.38229 40.02281
3691 62140934 2 353  1 71369303 116.78686 40.18792
3692 32919647 1 194 120 1 29774528 116.03886 39.57174
3693 30469177 1 102 100 1 377506 116.71643 40.03658
3694 34580399 6 90  1 9000000095872 116.62065 40.12877
3695 47057128 1 95 100 1 88052456 116.31663 39.78092
3696 36270404 2 7  1 15086232 116.63803 40.32527
3697 46800241 1 274 90 1 88026180 116.40184 40.02254
3698 36354335 2 0  1 49956674 116.17491 40.05709
3699 30469178 1 177 60 1 14753146 116.58725 39.94231
3700 36273618 22 89  1 283313 116.21482 39.89478
3701 60944211 1 90 80 1 87728927 116.41738 39.85706
3702 30475188 1 265 70 1 54289182 117.20868 40.14612
3703 62140935 2 173  1 411308 116.78836 40.17633
3704 34593219 20 319 90 1 12530924 116.56631 39.75535
3705 62254948 2 137  1 439750 116.53736 39.77749
3706 62371752 7 242  1 565704 116.3899 39.98824
3707 30472143 1 250 50 1 395537 116.3167 39.96563
3708 46800242 1 90 90 1 88026182 116.40238 40.02238
3709 34593220 21 140 90 1 71192834 116.56618 39.75527
3710 32919654 1 176 60 1 9000001259252 116.5261 40.12653
3711 36354336 2 94  1 19571887 116.1861 40.05682
3712 30568131 1 274 50 1 61200772 116.55207 40.1467
3713 60944212 23 89  1 563640 116.41741 39.85688
3714 30472144 1 71 50 1 407632 116.31696 39.96522
3715 36314456 1 18 70 1 22642708 116.84875 39.95778
3716 35408332 23 16  1 86012398 116.23825 39.85418
3717 36593986 2 171  1 71760029 116.35081 39.73657
3718 34593221 23 358  1 14594432 116.42968 39.81261
3719 32919655 1 2 70 1 39376100 116.55305 40.15205
3720 60944213 23 270  1 563637 116.41739 39.85733
3721 36354337 2 162  1 41508295 116.16558 40.05249
3722 30472145 1 353 50 1 13884479 116.31017 39.94699
3723 40558105 1 125 60 1 12505777 116.01534 40.31072
3724 36593987 2 173  1 18667385 116.43925 39.67989
3725 62371754 2 84  1 636347 116.46457 39.85831
3726 36362363 2 165  1 61973487 116.6371 40.14485
3727 32919656 1 182 70 1 39376100 116.55305 40.15205
3728 62140937 2 270  1 61632740 116.65315 40.1869
3729 36354338 2 180  1 670120 116.17492 40.05746
3730 30472146 1 180 60 1 13884478 116.30965 39.94693
3731 62371755 7 77  1 616428 116.37996 39.85695
3732 36593988 2 190  1 18667304 116.45679 39.68512
3733 36290705 2 99  1 1529126 116.3634 40.22058
3734 32919657 1 270 70 1 810402 116.56405 40.13128
3735 46800245 1 272 70 1 88026189 116.40415 40.00967
3736 60944214 23 179  1 49045696 116.39429 39.85785
3737 62140938 2 180  1 15086090 116.66018 40.20838
3738 36273621 2 72  1 87422648 116.24531 39.87891
3739 30472147 1 112 60 1 13884482 116.31443 39.9403
3740 34593230 8 357  1 40416766 116.34599 39.84171
3741 36593989 2 247  1 61200204 116.46719 39.68937
3742 36354339 2 0  1 28203374 116.18675 40.05355
3743 34593232 8 181  1 12644720 116.34576 39.84169
3744 62140939 1 354 70 1 40019096 116.69756 40.17589
3745 32919658 1 89 70 1 810400 116.56406 40.13117
3746 30472148 8 276  1 13884483 116.32944 39.93872
3747 60944215 23 359  1 49045696 116.39429 39.85785
3748 62371756 2 131  1 19609920 116.47188 39.83877
3749 46800246 1 92 70 1 88026190 116.40414 40.00947
3750 36593990 2 85  1 18667377 116.42684 39.67533
3751 36273622 2 349  1 285070 116.24729 39.8739
3752 30472149 1 270 70 1 15778509 116.32697 39.93247
3753 36354340 2 92  1 87905223 116.17471 40.05722
3754 60944216 23 1  1 628113 116.3869 39.8601
3755 34593233 8 359  1 84796832 116.34601 39.83885
3756 46800248 1 6 70 1 88026213 116.41781 40.00116
3757 40727995 1 0 80 1 12676371 116.49001 39.94031
3758 62140940 2 270  1 542101 116.73832 40.1965
3759 32941713 8 90  1 394364 116.3452 39.93235
3760 30472150 1 88 70 1 15778506 116.32698 39.93235
3761 62371757 2 264  1 636344 116.46502 39.85835
3762 36354341 2 273  1 87905222 116.17509 40.05735
3763 60944217 23 182  1 632790 116.3868 39.86001
3764 36593991 2 356  1 18667372 116.4271 39.67529
3765 36593985 2 174  1 86750669 116.29487 39.66878
3766 36273623 8 353  1 19284390 116.23578 39.89911
3767 32919661 1 98 70 1 802609 116.62422 40.13973
3768 34593234 8 178  1 41817119 116.34571 39.83667
3769 30472152 1 4 50 1 13884526 116.31043 39.93522
3770 30930464 1 89 70 1 268000 117.09176 39.99034
3771 46800250 1 8 60 1 88026271 116.40862 40.02091
3772 32919664 1 202 50 1 87836710 116.6447 39.98722
3773 60944218 23 0  1 39128439 116.37836 39.8582
3774 36273624 2 165  1 290180 116.24707 39.87437
3775 36354363 1 70 60 1 70618225 116.33571 40.03647
3776 36593992 2 266  1 70042424 116.42596 39.6861
3777 46800251 1 14 60 1 88026270 116.40849 40.02095
3778 34593235 23 266  1 340679 116.34022 39.83096
3779 62140941 2 349  1 9000001249606 116.76556 40.19497
3780 30472153 1 178 60 1 19361860 116.30986 39.93533
3781 32919667 1 90 100 1 490384 116.69991 39.92354
3782 36593994 2 166  1 212935 116.40425 39.71008
3783 60944219 23 180  1 39128439 116.37836 39.8582
3784 36273625 5 354  1 49095469 116.23408 39.90343
3785 30472154 1 90 70 1 13884537 116.31552 39.93232
3786 62371759 2 129  1 16459943 116.70506 39.89025
3787 46800252 8 194  1 88026268 116.40833 40.021
3788 62140942 1 353 50 1 39750330 116.7872 40.18531
3789 36354364 2 88  1 61676073 116.34983 40.03566
3790 30568132 1 94 50 1 15253787 116.55204 40.1467
3791 36273626 2 187  1 71713486 116.23074 39.86937
3792 34593236 23 87  1 328414 116.34002 39.83077
3793 62140943 1 173 50 1 39750330 116.78719 40.18532
3794 32919668 1 349 100 1 30244580 116.7047 39.94231
3795 30472155 1 270 70 1 398422 116.31549 39.93244
3796 36563621 7 66  1 582030 116.41901 39.98859
3797 36354365 2 86  1 61017664 116.35766 40.03045
3798 36593997 2 91  1 71760167 116.34785 39.76304
3799 46800253 1 200 60 1 88026265 116.40827 40.02101
3800 60944220 23 267  1 32092934 116.43071 39.90077
3801 62140944 2 95  1 347472 116.7756 40.08502
3802 36273627 2 323  1 71713277 116.23372 39.86251
3803 30472158 1 270 70 1 13884551 116.32114 39.92372
3804 36593998 2 248  1 32114910 116.45757 39.68537
3805 32919669 1 169 100 1 490436 116.70463 39.94196
3806 46800254 1 97 90 1 88026336 116.47817 40.01499
3807 36354366 2 248  1 60394997 116.31202 40.05287
3808 62371761 2 204  1 39764598 116.72135 39.86368
3809 36419312 2 143  1 61633620 116.31777 40.06694
3810 62242215 22 359  1 576205 116.39395 39.94422
3811 36273628 2 185  1 87383210 116.16525 39.88248
3812 60944221 23 86  1 563510 116.43078 39.90066
3813 30472159 1 93 70 1 40428833 116.32111 39.92362
3814 34593238 21 262 80 1 16460555 116.14284 39.88982
3815 32919670 1 283 60 1 87843872 116.77635 39.94192
3816 46800243 1 338 60 1 88026185 116.40239 40.01825
3817 36354367 2 246  1 42256446 116.34207 40.03926
3818 36593999 2 262  1 32114860 116.35728 39.67123
3819 62140945 2 96  1 71777914 116.77455 40.09942
3820 32943884 8 171  1 15831936 116.44456 39.88989
3821 32993627 1 119 50 1 19688665 116.63759 39.90272
3822 36273629 2 346  1 18056678 116.24645 39.87745
3823 62371762 2 356  1 70619078 116.72118 39.86251
3824 34593239 20 82 80 1 71113683 116.14284 39.88967
3825 36273619 2 270  1 61034467 116.23619 39.90392
3826 60944222 23 270  1 546724 116.43188 39.91561
3827 30472162 1 268 50 1 14190142 116.33012 39.9676
3828 32919671 1 102 60 1 87843870 116.77612 39.94185
3829 60944147 8 273  1 631852 116.44436 39.85895
3830 36594000 2 85  1 69904038 116.40983 39.68474
3831 46800255 1 275 90 1 88026338 116.47784 40.01519
3832 62140946 1 92 50 1 15254862 116.89248 40.08538
3833 36354368 2 335  1 61676064 116.36588 40.03144
3834 32919672 1 297 60 1 262877 116.08788 40.2779
3835 36273630 2 167  1 71713495 116.24663 39.87597
3836 60944223 23 92  1 546728 116.43195 39.91553
3837 34593240 1 324 100 1 87422864 116.21437 39.86529
3838 30472163 1 88 50 1 14190139 116.33017 39.96716
3839 32919673 1 255 50 1 1786610 116.46973 40.2363
3840 62371764 1 152 40 1 49838658 116.69743 39.86319
3841 34543324 1 336 50 1 86287792 115.81757 39.57233
3842 62140947 2 347  1 346828 116.82241 40.14933
3843 34593241 1 142 100 1 87422757 116.21466 39.86466
3844 46800258 1 283 90 1 88026389 116.43826 40.0215
3845 30472167 1 271 50 1 362920 116.3512 39.96787
3846 36273631 2 130  1 17194419 116.23537 39.86026
3847 34593243 1 72 60 1 9000000121009 116.49957 39.81746
3848 62371765 1 333 40 1 49838663 116.69753 39.86322
3849 60944225 23 90  1 30016301 116.43421 39.90505
3850 36273632 2 270  1 283889 116.22647 39.90748
3851 30472170 1 270 60 1 14190267 116.35728 39.92375
3852 36594002 2 348  1 71759688 116.39824 39.71175
3853 36354370 15 324  1 711153 116.33756 40.04426
3854 46800294 1 77 70 1 88454735 115.67738 39.57561
3855 62140948 2 90  1 9000001257263 116.72454 40.19516
3856 32919674 1 75 50 1 1786610 116.46975 40.23631
3857 36354371 2 335  1 704236 116.31555 40.03608
3858 36594003 2 270  1 337179 116.3389 39.7849
3859 30472171 1 90 70 1 14190269 116.3573 39.92357
3860 46800295 1 258 70 1 88454736 115.67739 39.57561
3861 36273620 8 175  1 275630 116.23567 39.8991
3862 34593247 21 327 120 1 12505783 116.24533 40.16482
3863 62140949 2 270  1 61078550 116.84892 40.38876
3864 30472172 1 0 60 1 14190270 116.35647 39.9238
3865 32919675 1 270 60 1 88645119 116.47019 40.17659
3866 62371766 2 333  1 49838663 116.69753 39.86323
3867 36273633 8 354  1 71713502 116.23024 39.89304
3868 46973092 1 133 70 1 87945995 116.51951 39.80543
3869 32919676 1 269 70 1 19859314 116.47019 40.17645
3870 36273634 22 6  1 296207 116.21846 39.89471
3871 30472173 1 266 60 1 14190279 116.34391 39.93868
3872 36623638 2 0  1 29941946 116.35252 40.00756
3873 62140950 1 179 70 1 20495416 116.81258 40.16889
3874 34593249 20 147 120 1 12505787 116.24556 40.16409
3875 32919677 1 90 70 1 19859308 116.47018 40.17636
3876 36273636 2 343  1 61040696 116.23386 39.91206
3877 30472174 1 78 60 1 14190281 116.34479 39.93844
3878 46800297 1 267 60 1 18804808 115.60063 39.63095
3879 62140951 2 91  1 18063110 116.73746 40.19642
3880 36354372 2 266  1 694214 116.32608 40.03571
3881 32919678 1 90 60 1 16365397 116.47015 40.17627
3882 36627696 2 90  1 516908 117.10536 40.14009
3883 60944227 23 348  1 634990 116.43622 39.90466
3884 62376338 1 126 70 1 62603236 116.82815 39.63243
3885 36273637 22 180  1 271888 116.21391 39.89489
3886 36627697 2 180  1 54377044 117.10559 40.14041
3887 32919688 1 88 70 1 85626076 116.29698 40.1693
3888 46800298 1 295 50 1 54231082 115.63065 39.63961
3889 35408299 23 186  1 49088972 116.35612 39.94392
3890 31150177 1 142 80 1 292120 116.14852 39.90294
3891 34593250 1 280 50 1 87907003 116.20776 40.12379
3892 62376339 1 307 70 1 19235986 116.82837 39.63245
3893 62140953 2 268  1 71369270 116.78872 40.17602
3894 62016171 2 179  1 30415423 116.41345 39.68197
3895 30472176 1 2 50 1 14190302 116.37228 39.94708
3896 60944228 23 168  1 569222 116.43607 39.90456
3897 36273638 2 347  1 19633683 116.24702 39.87513
3898 36627698 2 359  1 14770395 117.10576 40.13985
3899 32919689 1 264 100 1 1533810 116.26883 40.1742
3900 36273639 2 178  1 86012414 116.24729 39.8702
3901 62140954 2 94  1 61633517 116.64405 40.34142
3902 36627699 2 323  1 1371474 116.27054 40.1218
3903 36354374 2 264  1 690546 116.35296 40.03008
3904 60944229 23 271  1 87729190 116.46116 39.91356
3905 62376340 1 296 80 1 283704 116.8259 39.63491
3906 30472177 1 174 40 1 14190301 116.37228 39.94708
3907 36273640 2 170  1 61034504 116.23591 39.89741
3908 36627700 2 82  1 40387216 116.26681 40.16738
3909 60944230 23 90  1 87729193 116.46115 39.91346
3910 34593222 23 176  1 332036 116.42953 39.81268
3911 36354375 2 331  1 70618278 116.29963 40.04827
3912 62140955 2 348  1 49963985 116.81348 40.15376
3913 62021001 2 357  1 86208513 116.65736 40.12223
3914 34593253 20 113 100 1 88082003 116.553 39.84111
3915 36593972 2 174  1 39942909 116.40333 39.67523
3916 36627701 1 356 50 1 39764850 116.49512 40.22318
3917 36273641 2 251  1 71113660 116.24638 39.8794
3918 30472178 1 252 50 1 14190306 116.36844 39.94787
3919 62382399 22 88  1 678688 116.4177 39.94917
3920 46800302 1 16 60 1 88454772 115.90727 39.60681
3921 62140956 1 173 70 1 40019087 116.69687 40.17594
3922 32919694 6 142  1 355153 116.00222 40.46
3923 34593254 21 21 120 1 14728462 116.48341 40.10565
3924 60944231 23 90  1 616528 116.46701 39.90823
3925 36354376 2 248  1 87938380 116.33888 40.03792
3926 36627702 2 289  1 539587 117.12444 40.1403
3927 46800244 1 160 60 1 88026186 116.40228 40.01823
3928 32919695 1 247 50 1 354791 116.00749 40.46186
3929 46800303 1 196 70 1 20423912 115.90727 39.60681
3930 62140957 1 0 50 1 61791154 116.76715 40.18145
3931 34593255 21 192 120 1 12512142 116.48215 40.04604
3932 62382400 22 88  1 678692 116.42298 39.94932
3933 36273642 2 65  1 71113676 116.23849 39.87611
3934 32919696 1 67 50 1 354791 116.00749 40.46186
3935 46800306 1 248 80 1 85623658 116.04401 39.68008
3936 60944232 22 270  1 296185 116.18998 39.90748
3937 34593267 1 3 30 1 295695 115.96433 39.60116
3938 36273643 1 3 80 1 87383233 116.16534 39.88032
3939 62140958 2 263  1 411271 116.76517 40.19816
3940 60798141 1 147 50 1 452015 116.57708 39.75595
3941 36627704 2 262  1 20234285 116.26728 40.16757
3942 32919698 1 270 50 1 349541 116.09725 40.47855
3943 30472179 1 63 50 1 14190303 116.3686 39.94754
3944 36354377 2 341  1 15569800 116.25034 40.06127
3945 34593268 1 183 30 1 289637 115.96416 39.60097
3946 62314201 2 182  1 40425422 116.3198 39.67068
3947 46800307 1 91 60 1 26171682 116.2973 39.74353
3948 36277343 1 261 70 1 18667450 116.47725 39.69296
3949 30930468 1 258 60 1 16413962 116.83894 39.8136
3950 36627705 2 183  1 15758499 117.12379 40.14075
3951 30472180 1 255 50 1 403152 116.35953 39.94495
3952 32919699 1 93 50 1 349541 116.09542 40.47856
3953 60944233 22 359  1 49095314 116.19202 39.90648
3954 34593269 6 11  1 288064 115.90838 39.61115
3955 36362330 22 269  1 32159114 116.46315 40.01163
3956 36627706 2 83  1 40387210 116.27001 40.16784
3957 46973095 1 286 70 1 29940910 116.51631 39.75961
3958 36273646 2 270  1 54463908 116.2305 39.89715
3959 32919700 1 273 50 1 349541 116.09542 40.47856
3960 46800308 1 271 60 1 18712632 116.29737 39.74368
3961 36354378 2 153  1 16628338 116.31543 40.03634
3962 34593276 1 32 50 1 87768004 116.93791 40.40996
3963 60944234 22 179  1 49095314 116.19202 39.90647
3964 62140960 2 136  1 55123533 116.66872 40.03947
3965 36627707 2 264  1 40387209 116.27126 40.1681
3966 34765246 8 178  1 635992 116.42102 39.87654
3967 36354379 2 315  1 707443 116.31196 40.05247
3968 32919701 1 14 50 1 62594005 116.02522 40.34204
3969 46800311 1 344 70 1 85623679 116.45324 39.74931
3970 62140961 2 342  1 71369750 116.7044 40.08299
3971 36627708 2 85  1 19232117 116.2463 40.04592
3972 36273647 2 167  1 54463975 116.24615 39.8779
3973 34593277 1 212 50 1 87768004 116.93791 40.40996
3974 60944235 22 268  1 272507 116.22698 39.9075
3975 32919703 1 132 40 1 267632 116.04148 40.32457
3976 36354380 2 83  1 19689133 116.35246 40.03003
3977 30472185 1 178 60 1 70764584 116.3609 39.96545
3978 36273648 2 179  1 71713497 116.24726 39.87262
3979 62140962 2 160  1 85709170 116.75993 40.06523
3980 34593278 1 103 50 1 311077 116.91605 40.37937
3981 46800312 1 163 70 1 85623678 116.45324 39.74931
3982 32919724 1 265 30 1 87279560 115.48408 39.78559
3983 36627709 1 177 50 1 69114803 116.4951 40.22354
3984 62242217 2 179  1 62237156 116.48978 39.97267
3985 30472186 1 269 50 1 14190321 116.35958 39.96794
3986 36273649 2 243  1 15461059 116.23208 39.87334
3987 46800313 1 335 50 1 55061228 116.69711 39.74468
3988 62140963 2 351  1 85709103 116.82833 40.07111
3989 36354381 2 259  1 60923719 116.34312 40.05979
3990 36314463 1 86 70 1 41664582 116.81444 39.90256
3991 60944237 1 353 120 1 12650978 116.08054 39.62994
3992 36273936 2 271  1 361112 116.29562 39.99023
3993 30472187 1 90 50 1 14190320 116.35956 39.96752
3994 32919725 1 69 50 1 87279560 115.48369 39.78551
3995 36354382 2 332  1 70618275 116.27701 40.0617
3996 34593279 6 22  1 70620055 116.83392 40.45035
3997 46800314 1 157 50 1 9000001325837 116.69711 39.74468
3998 36627711 2 1  1 15758508 117.12392 40.13997
3999 30472188 1 270 70 1 14190343 116.35871 39.93244
4000 62140964 2 266  1 85709100 116.8507 40.07344
4001 46946174 1 180 60 1 87757736 116.4082 39.94823
4002 46800315 1 1 50 1 87836591 116.78314 39.63669
4003 46971663 1 169 70 1 18815604 116.90544 39.94081
4004 60944238 22 13  1 87824467 116.65803 39.90166
4005 34593280 1 95 50 1 62258291 116.32641 39.83029
4006 36627712 2 90  1 86750231 117.12343 40.14035
4007 36273938 5 182  1 41508405 116.33865 39.91195
4008 30472190 8 337  1 15778589 116.31865 39.97363
4009 46800317 1 178 30 1 19482232 116.4519 39.79288
4010 32919726 1 249 30 1 87279560 115.48369 39.78551
4011 36641057 2 356  1 18805678 117.07705 39.88477
4012 36354383 5 271  1 699487 116.33668 40.02792
4013 36273939 8 90  1 334964 116.15523 39.92415
4014 32919659 1 171 60 1 49964366 116.58712 40.09653
4015 30472193 1 253 70 1 14190757 116.4993 39.81804
4016 34593281 1 345 70 1 339163 116.27412 39.76811
4017 62140965 2 85  1 309520 116.88622 40.07641
4018 32919727 1 114 50 1 269397 115.76456 39.76119
4019 46800318 1 81 70 1 85623824 116.51474 40.09594
4020 36641058 2 268  1 26026186 116.98845 39.76345
4021 34595294 8 268  1 70610490 116.66834 39.90857
4022 46800319 1 262 70 1 85623827 116.51472 40.09606
4023 30472194 1 73 60 1 14190812 116.47405 39.80947
4024 62140966 2 73  1 41535583 116.9328 40.07989
4025 36354384 2 76  1 17310125 116.36955 40.04058
4026 36641059 2 168  1 297897 116.84058 39.94617
4027 36273940 8 270  1 12645742 116.35634 39.96778
4028 36362332 22 92  3 19613176 116.4065 40.03285
4029 34593292 6 90  1 18876283 116.81019 39.9584
4030 36354385 2 155  1 701049 116.36415 40.0352
4031 36273941 6 267  1 87767567 116.3404 39.98664
4032 30472195 1 252 40 1 14190813 116.47405 39.80947
4033 62140967 2 93  1 305382 116.93299 40.07999
4034 32919729 1 293 50 1 54391175 115.88228 39.66329
4035 62020963 2 178  1 61870568 116.22674 40.22484
4036 46800320 1 346 50 1 85623828 116.58215 40.08337
4037 34593293 1 266 40 1 294041 116.8291 39.94948
4038 36354386 2 83  1 61676062 116.36552 40.03156
4039 36641061 2 77  1 22980992 116.98648 39.96686
4040 30472196 23 320  1 19560778 116.47252 39.80867
4041 32919730 1 113 50 1 54391175 115.88228 39.66329
4042 46800321 1 350 50 1 87659170 116.58199 40.08439
4043 60944243 1 1 40 1 409548 116.31774 39.69968
4044 62142521 2 136  1 455276 116.53983 39.79061
4045 36273942 2 66  1 40428652 116.30736 39.96179
4046 30472200 1 264 50 1 14190895 116.45386 39.83294
4047 36641062 2 273  1 26204060 117.0761 39.76679
4048 46800322 1 352 50 1 88739602 116.58183 40.08544
4049 32919733 1 257 50 1 9000000129773 116.24498 39.56341
4050 60944244 1 252 50 1 406593 116.32545 39.69967
4051 36273943 5 270  1 457377 116.30156 39.90904
4052 36641063 2 163  1 245204 116.98808 39.76367
4053 34593301 6 267  1 88698576 116.67823 40.06321
4054 32919660 1 277 70 1 802620 116.62425 40.13981
4055 36354387 2 353  1 88541958 116.31367 40.02587
4056 62142522 2 261  1 87946168 116.5152 39.81691
4057 60944245 9 90  1 71372704 116.32072 39.68138
4058 36273944 2 186  1 14366324 116.20669 39.91697
4059 36641064 2 355  1 299554 116.81382 39.95766
4060 46800326 21 101 120 1 85623854 116.65833 39.84264
4061 36289369 2 269  1 87424797 116.2034 39.86152
4062 30472202 1 158 70 1 14366788 116.36907 39.69164
4063 31167325 1 225 50 1 398399 116.12447 39.707
4064 34593302 1 343 70 1 85159892 116.63874 40.25532
4065 36354388 2 143  1 61676086 116.34691 40.03147
4066 36273945 2 180  1 42236574 116.2528 39.89321
4067 62142523 2 141  1 72610669 116.51313 39.82123
4068 30472203 1 340 70 1 14366789 116.36907 39.69164
4069 36641065 2 355  1 86693457 116.8128 39.97154
4070 36290784 2 329  1 19609856 116.42801 39.8931
4071 34593303 1 162 70 1 85159889 116.63857 40.25529
4072 36273946 8 270  1 334947 116.15511 39.92433
4073 60944246 22 196  1 395731 116.31999 39.67875
4074 36641066 2 356  1 22641346 116.81242 39.97607
4075 46800327 20 283 120 1 85623855 116.65793 39.84298
4076 30472205 1 165 70 1 86750596 116.27917 39.74897
4077 34593304 1 182 50 1 979178 116.55689 40.22979
4078 62142524 2 320  1 40900807 116.54315 39.80781
4079 36641067 2 83  1 86693601 116.82611 39.94421
4080 32919736 1 214 50 1 9000000118359 116.25428 39.537
4081 60961112 2 85  1 50080059 116.41237 40.08905
4082 46800249 1 183 70 1 88026210 116.41751 40.00123
4083 36273947 22 90  1 462046 116.29295 39.90742
4084 46800328 1 6 40 1 85623859 117.00899 40.06568
4085 34593305 1 2 50 1 979178 116.55689 40.22979
4086 36354389 2 53  1 707473 116.31933 40.04764
4087 30472206 1 344 70 1 42574110 116.28234 39.73796
4088 62142525 2 322  1 62386102 116.51511 39.81672
4089 32919737 1 34 50 1 441412 116.25356 39.53594
4090 36641068 2 84  1 56930829 116.83387 39.94519
4091 46973097 1 140 70 1 87946300 116.5486 39.80086
4092 36354390 2 319  1 689545 116.32461 40.05093
4093 46800329 1 186 40 1 85623858 117.00886 40.0657
4094 36273948 5 269  1 41508532 116.29076 39.89649
4095 60961113 2 345  1 32092577 116.42144 40.06163
4096 30472207 1 326 60 1 14640568 116.31441 39.74145
4097 62142528 2 170  1 19615591 116.52673 39.82301
4098 36641069 2 180  1 72516915 116.84778 39.94678
4099 32919738 1 214 50 1 441412 116.25356 39.53594
4100 36273949 2 259  1 71193105 116.28864 39.94692
4101 36354391 2 256  1 61676070 116.3506 40.03582
4102 34593307 6 63  1 88739697 116.61327 40.15296
4103 36641070 2 80  1 86773276 116.94849 39.95913
4104 60968094 1 0 60 1 306905 116.15003 39.71528
4105 30472208 1 244 70 1 14640782 116.76231 40.33902
4106 36273950 2 178  1 19361869 116.30969 39.94485
4107 62314839 1 349 40 1 86879151 116.46316 39.72743
4108 46923145 1 180 60 1 87808784 116.37428 39.87376
4109 62357497 2 85  1 15076693 116.62446 39.57336
4110 36314828 1 202 100 1 17765879 116.49885 39.50113
4111 46946177 1 177 40 1 87757741 116.41662 39.9471
4112 62142529 2 137  1 19615955 116.52438 39.80012
4113 46800331 1 94 60 1 85624178 116.42098 40.10371
4114 30472209 1 64 70 1 61883682 116.7623 40.33892
4115 60968095 1 182 60 1 306904 116.14986 39.71526
4116 36354392 2 335  1 9000000105817 116.36434 40.0348
4117 36273952 2 180  1 491904 116.29488 39.91324
4118 36563628 7 282  1 586413 116.46272 39.97602
4119 46800332 1 17 70 1 85624223 116.41056 40.13954
4120 36641071 2 88  1 419281 116.91616 39.88321
4121 30472212 1 91 50 1 42577930 116.77447 40.38783
4122 34595248 8 254  1 40601449 116.51675 39.94028
4123 62142530 5 137  1 19615955 116.52437 39.80013
4124 46800333 1 197 70 1 85624226 116.41032 40.14082
4125 36354426 2 0  1 19560698 116.42299 39.83238
4126 62357478 2 82  1 15076694 116.62418 39.57507
4127 60968096 8 180  1 40392268 116.13601 39.72504
4128 30472213 1 5 50 1 14640865 116.75587 40.39747
4129 36641072 2 35  1 16180722 116.84956 39.86512
4130 36273953 5 2  1 463634 116.33673 39.91391
4131 34595249 1 2 30 1 807149 116.61537 39.94473
4132 60968097 8 0  1 40392284 116.13612 39.72714
4133 30472214 1 183 50 1 14640866 116.75587 40.39747
4134 36273954 2 179  1 455317 116.3353 39.90805
4135 32919741 1 333 80 1 426956 117.23696 40.08711
4136 34595250 1 182 20 1 807149 116.61537 39.94472
4137 60994140 22 110  1 393767 116.30139 39.94511
4138 31167328 15 267  1 379828 116.10004 39.72067
4139 62142531 2 203  1 19688112 116.51171 39.76122
4140 36354427 5 87  1 19482086 116.4565 39.80499
4141 36641073 2 171  1 16193242 116.81485 39.94417
4142 32993769 1 119 50 1 361381 115.95383 40.37447
4143 30472219 1 264 40 1 14640911 116.83018 40.36816
4144 60968098 8 0  1 29880475 116.14214 39.74366
4145 34595251 1 274 50 1 16241768 117.04209 39.81057
4146 60988100 22 269  1 49046276 116.44665 39.90727
4147 36275401 2 149  1 41535501 117.05258 40.16897
4148 62142532 2 287  1 19362516 116.51304 39.76385
4149 60968099 1 359 50 1 40392514 116.16679 39.74174
4150 34595252 1 332 50 1 9000000780093 117.0605 39.78527
4151 32919742 1 163 80 1 376895 117.23732 40.08583
4152 36354428 2 102  1 62101544 116.46031 39.80613
4153 36275402 2 89  1 535320 117.07641 40.14524
4154 60968100 1 179 50 1 40392416 116.16663 39.74176
4155 34595253 1 266 120 1 16241778 117.06204 39.78303
4156 36641074 1 178 60 1 346815 116.80998 40.01182
4157 36354429 1 179 70 1 30415430 116.40514 39.74396
4158 36275403 2 90  1 18713405 117.11914 40.14031
4159 46800335 1 21 120 1 14728462 116.48341 40.10565
4160 32922608 1 340 70 1 387871 116.67808 40.01656
4161 35166238 1 178 40 1 495159 116.35298 39.89661
4162 62142533 2 316  1 26173925 116.56572 39.79839
4163 34595254 1 87 120 1 16241650 117.06135 39.78281
4164 30472221 1 263 40 1 14640913 116.83411 40.36501
4165 36354430 2 177  1 331633 116.42952 39.79955
4166 36641075 2 91  1 16180845 116.9879 39.76334
4167 61087003 18 320  1 547947 116.02437 40.34338
4168 30442238 1 270 80 1 14770697 116.48203 39.90833
4169 36275404 1 271 60 1 41535475 117.12685 40.13984
4170 40697106 1 194 80 1 12644693 116.2741 39.9134
4171 46800336 20 203 120 1 14728469 116.48319 40.10559
4172 62142534 2 317  1 40900817 116.5404 39.79022
4173 34595255 1 101 50 1 18879871 117.08485 39.78307
4174 36641076 2 272  1 62102034 116.81549 39.94392
4175 34543331 9 172  1 14656162 116.06279 39.71364
4176 30472222 1 204 40 1 14640916 116.83354 40.35497
4177 36275406 2 260  1 643407 117.11274 40.19146
4178 32922613 1 356 40 1 264751 117.08499 39.98759
4179 36354431 2 358  1 71186154 116.4567 39.80007
4180 60968102 1 180 50 1 18059443 116.16668 39.73628
4181 62142535 2 142  1 19615920 116.53676 39.79352
4182 30472223 1 24 40 1 14640919 116.83371 40.35491
4183 36641077 2 175  1 86693451 116.81221 39.97273
4184 36275407 2 90  1 54318765 117.11132 40.16629
4185 60968106 8 181  1 15778609 116.32576 39.93199
4186 36354432 1 85 50 1 17311153 116.45626 39.80054
4187 32922614 1 176 40 1 264751 117.08499 39.9876
4188 30472224 1 205 40 1 14640920 116.83316 40.35413
4189 36275408 2 264  1 31909010 117.01845 40.17056
4190 36641078 1 357 60 1 346818 116.81041 40.01182
4191 36418244 2 66  1 62237199 116.48704 39.95772
4192 46800338 1 358 120 1 85624296 116.48148 40.08658
4193 60968107 2 351  1 775404 116.64126 40.16507
4194 62142536 9 65  1 20420909 116.52427 39.79971
4195 36290787 2 275  1 754262 116.57074 40.06219
4196 30472225 1 0 60 1 14640925 116.82647 40.36886
4197 36275411 2 0  1 524619 117.12385 40.13365
4198 36354433 2 0  1 61533704 116.40525 39.74318
4199 36641079 2 265  1 86693632 116.84096 39.94595
4200 32941721 1 112 70 1 40428813 116.35051 39.94401
4201 46800339 1 176 120 1 85624489 116.48341 40.13359
4202 60968108 15 351  1 775404 116.64125 40.16513
4203 32922733 1 276 70 1 20166721 116.55121 40.17735
4204 30472226 1 181 60 1 14641079 116.82632 40.36887
4205 36275412 6 268  1 536887 117.10389 40.14559
4206 46800341 1 278 70 1 88739332 116.53304 40.13314
4207 46973100 23 121  1 88082007 116.54029 39.84774
4208 32922734 1 96 60 1 28016715 116.55114 40.17711
4209 36744972 2 272  1 40385799 116.49235 39.86106
4210 36641080 2 216  1 25999442 116.84996 39.86596
4211 30472227 1 270 70 1 14640928 116.83607 40.37785
4212 34595280 6 269  1 50035179 116.26528 40.22184
4213 62142537 2 202  1 19688124 116.51286 39.76398
4214 46800342 1 98 70 1 9000001259272 116.53301 40.13307
4215 36275414 2 180  1 9000000106931 117.11123 40.16617
4216 36354434 2 78  1 198032 116.37627 39.7423
4217 36641081 2 175  1 296099 116.81351 39.95888
4218 30472228 1 90 70 1 14640930 116.83605 40.37774
4219 46800343 1 94 50 1 88739436 116.56801 40.14568
4220 32922737 1 284 70 1 998767 116.60909 40.17282
4221 36275418 2 288  1 41535505 117.0529 40.16865
4222 62142538 2 79  1 463051 116.5182 39.82197
4223 34595281 1 87 40 1 19953453 116.25838 40.21742
4224 30472229 1 313 40 1 32158920 116.84414 40.41316
4225 46800344 1 274 50 1 88739437 116.56801 40.14568
4226 36354435 2 90  1 61200685 116.40473 39.74351
4227 36641082 2 93  1 16193451 116.81451 39.94382
4228 32922738 1 89 70 1 30398058 116.62155 40.1703
4229 62142539 2 157  1 19615598 116.51831 39.82223
4230 30472230 1 135 70 1 14640957 116.84408 40.41308
4231 60968111 2 348  1 49859882 116.66465 40.14428
4232 36275533 2 260  1 71230839 115.99786 39.60208
4233 34595282 1 89 60 1 587024 116.22791 40.21251
4234 30472231 1 202 40 1 14640966 116.84449 40.35826
4235 32922739 1 192 60 1 980684 116.61617 40.19848
4236 36290788 7 88  1 622798 116.39364 39.87139
4237 36285034 2 33  1 70618510 116.68041 40.37207
4238 60968112 15 221  1 790237 116.5666 40.11656
4239 30472232 1 201 40 1 72496456 116.84339 40.35543
4240 36362256 2 6  1 55313110 116.32284 39.49782
4241 46800346 1 268 70 1 88739479 116.5731 40.11762
4242 36354436 2 277  1 71759874 116.4057 39.74361
4243 62142540 2 143  1 40900809 116.55192 39.79683
4244 36275534 2 48  1 332953 115.58837 39.63832
4245 34595283 1 356 50 1 578169 116.24052 40.21331
4246 30472233 1 22 40 1 69974114 116.84339 40.35543
4247 36641084 2 357  1 86693237 116.81425 39.95281
4248 46800353 1 64 70 1 19693349 116.61325 40.15295
4249 36354437 2 359  1 331637 116.43012 39.79878
4250 36362278 2 346  1 50056854 116.156 40.09176
4251 36593996 2 354  1 86750695 116.29508 39.66816
4252 60968113 2 90  1 88217449 116.65662 40.13456
4253 32922740 1 12 60 1 980684 116.61617 40.19848
4254 30472234 1 243 50 1 14640970 116.84517 40.3522
4255 62142541 2 153  1 62386101 116.5147 39.81703
4256 46800354 1 245 70 1 88739699 116.61321 40.15307
4257 36641085 2 88  1 86693183 116.8136 39.95316
4258 34595284 1 75 70 1 1359148 116.26162 40.1506
4259 36276319 23 306  1 62200016 116.40978 39.85768
4260 36354438 2 266  1 15587926 116.45692 39.80069
4261 32922741 1 266 60 1 20232368 116.58738 40.2395
4262 62142542 2 318  1 406060 116.55455 39.77668
4263 60968114 15 90  1 88645512 116.68026 40.09076
4264 46800355 1 269 40 1 88739763 116.62067 40.12886
4265 36641086 2 265  1 86693744 116.84827 39.94656
4266 34595285 1 255 70 1 70764301 116.26156 40.1507
4267 62142543 2 245  1 19615864 116.55809 39.7907
4268 40728008 1 90 80 1 673170 116.37898 39.94879
4269 32922742 1 86 60 1 20232368 116.58742 40.2395
4270 36641087 2 260  1 62216707 116.94947 39.95944
4271 35408306 23 180  1 12645789 116.31015 39.91831
4272 60968115 2 180  1 61632822 116.65101 40.11779
4273 30472235 1 62 50 1 14640969 116.84517 40.3522
4274 36279053 2 268  1 516769 116.64711 39.89246
4275 34595286 1 336 80 1 32266082 116.28053 40.16469
4276 46800356 1 90 70 1 9000000095872 116.62067 40.12877
4277 62142544 2 245  1 19468340 116.56566 39.79852
4278 36285058 2 135  1 14760719 116.67934 40.41661
4279 30472236 1 271 40 1 14640982 116.84622 40.3888
4280 36354440 2 255  1 39046982 116.37687 39.74259
4281 36276321 8 270  1 70610128 116.44975 39.90852
4282 60968116 15 180  1 61632822 116.65101 40.11761
4283 62314841 2 3  1 71759682 116.40893 39.71629
4284 46800357 1 276 70 1 88739813 116.76565 40.10042
4285 36641089 2 267  1 12876909 116.81453 39.95321
4286 36354441 2 350  1 9000001283882 116.4162 39.73943
4287 32941722 1 332 70 1 86035697 116.33661 39.95101
4288 36276322 2 270  1 39862386 116.44136 39.90856
4289 60972097 22 265  1 755724 116.5884 40.08041
4290 62142545 2 264  1 453576 116.51861 39.82208
4291 32922744 1 181 70 1 18064488 116.53108 40.20371
4292 36641090 22 90  1 18876295 116.82037 39.94359
4293 46800141 1 87 70 1 32092937 116.43075 39.90066
4294 34595287 1 158 80 1 32266080 116.28021 40.16461
4295 32993714 1 57 50 1 62274716 116.84065 39.8569
4296 30472237 1 90 40 1 14640983 116.8462 40.38869
4297 36354442 2 178  1 336362 116.37917 39.83199
4298 32922745 1 93 60 1 555898 116.65297 40.21186
4299 62254956 2 107  1 61034247 116.50552 39.76919
4300 36255066 2 198  1 71551375 115.97276 39.52208
4301 60972098 22 341  1 29691797 116.58973 40.07931
4302 62142546 2 334  1 450465 116.51849 39.82186
4303 30472240 1 351 60 1 14641035 116.81483 40.35108
4304 32922746 1 343 70 1 88703175 116.67852 40.22178
4305 36354443 2 176  1 71186157 116.45647 39.80128
4306 34595288 1 268 60 1 85626388 116.25655 40.21351
4307 46800358 1 95 70 1 88739816 116.7656 40.1003
4308 46878105 1 278 40 1 31881937 116.56894 41.01974
4309 36354444 2 279  1 50086015 116.46066 39.80614
4310 36641092 2 356  1 16193525 116.86837 39.94784
4311 30472241 1 171 60 1 14641038 116.8147 40.35108
4312 36276324 23 266  1 615534 116.41189 39.89289
4313 62142547 1 77 40 1 26173380 116.51446 39.8213
4314 32922747 1 269 70 1 88702555 116.70817 40.21341
4315 46800360 1 85 70 1 88136996 116.80035 40.14773
4316 60972100 22 166  1 749400 116.5694 40.06552
4317 34595290 1 179 60 1 50035117 116.25034 40.22783
4318 36276325 23 176  1 615556 116.41229 39.8925
4319 40558093 1 285 100 1 12505755 116.19219 40.22602
4320 36354445 2 108  1 61533702 116.41569 39.73992
4321 61087008 22 15  1 511448 116.35941 39.90914
4322 62142548 2 180  1 71192721 116.62275 39.82922
4323 32922748 1 355 70 1 9000000120610 116.69661 40.18554
4324 30472243 1 192 50 1 14641227 116.83897 40.37441
4325 34595292 8 264  1 536494 116.64015 39.90636
4326 62021008 2 91  1 71369576 116.65081 40.12993
4327 36276326 2 178  1 565313 116.43412 39.88147
4328 36641094 2 175  1 217877 117.07702 39.88518
4329 36335880 2 126  1 684336 116.45561 39.97114
4330 36354446 2 279  1 71759876 116.41654 39.73991
4331 35411323 23 81  1 87757913 116.45792 39.94864
4332 32922749 1 175 70 1 88702568 116.69597 40.18553
4333 46804134 1 281 50 1 87717068 115.53727 39.92253
4334 34595293 5 105  1 16460153 116.65662 39.89029
4335 36276327 2 76  1 634460 116.39472 39.89034
4336 62142549 9 244  1 62386086 116.52484 39.80013
4337 36641095 2 355  1 22633169 116.81312 39.96777
4338 30472244 1 12 40 1 14641226 116.83897 40.37437
4339 46804135 1 98 50 1 87717069 115.53727 39.92253
4340 60972102 22 352  1 751078 116.59535 40.04827
4341 32922750 1 273 70 1 18064064 116.64687 40.17067
4342 36276328 2 260  1 30016298 116.40172 39.89211
4343 62290695 2 269  1 86666509 116.39279 39.5562
4344 36641096 2 175  1 86693456 116.81252 39.96909
4345 62142550 2 64  1 19688387 116.56551 39.79838
4346 36744976 1 121 40 1 88082007 116.54029 39.84774
4347 36354447 2 170  1 9000001298396 116.41605 39.74026
4348 46882320 1 323 80 1 85709075 116.91815 40.07767
4349 30472246 8 180  1 14641303 116.4611 39.87875
4350 46804136 1 261 50 1 87717070 115.56205 39.92595
4351 60972103 22 352  1 87913850 116.5916 40.05009
4352 36641097 1 176 40 1 299190 116.81447 39.9474
4353 36276329 8 178  1 636498 116.39787 39.87692
4354 46804137 1 81 50 1 87717071 115.56203 39.92595
4355 60988105 2 90  1 87729193 116.46119 39.91346
4356 60972104 22 172  1 87913850 116.5916 40.05009
4357 32922751 8 181  1 30252316 116.6598 40.16924
4358 30475091 1 248 70 1 14130863 116.29057 40.09327
4359 36276330 5 180  1 516413 116.39321 39.88367
4360 36281914 2 3  1 30398115 117.18651 40.14547
4361 62142551 2 268  1 19615589 116.52694 39.82283
4362 36641098 2 262  1 299534 116.82701 39.94451
4363 32922752 1 1 70 1 88702898 116.64153 40.17829
4364 60972105 22 85  1 53667774 116.59301 40.04704
4365 36276331 2 178  1 19609880 116.3978 39.87695
4366 46804138 1 252 50 1 87717072 115.60877 39.94127
4367 62142552 2 80  1 19615593 116.52661 39.8227
4368 36641099 2 178  1 86693596 116.82652 39.94468
4369 36354456 2 269  1 19695088 116.3406 39.83497
4370 34595296 8 268  1 19688754 116.67234 39.90869
4371 62314208 1 146 30 1 71372561 116.2777 39.68101
4372 30475092 1 68 40 1 14130860 116.28983 40.09277
4373 32922753 1 180 70 1 29692446 116.64142 40.17951
4374 36641100 22 84  1 16461756 116.83059 39.94486
4375 36354457 2 348  1 17311292 116.2865 39.8403
4376 30475093 1 105 60 1 14131093 116.50229 39.77846
4377 36641101 2 174  1 41664323 116.86819 39.94844
4378 60972106 18 251  1 12512186 116.54701 40.02629
4379 46804139 1 83 60 1 87717073 115.60877 39.94127
4380 36641102 2 265  1 18876460 116.91694 39.88341
4381 36354458 2 269  1 31765538 116.32435 39.89334
4382 60972107 18 250  1 12512185 116.53102 40.0206
4383 36276332 2 89  1 671497 116.37551 39.98206
4384 32922755 1 156 70 1 61791108 116.66889 40.19163
4385 30475139 1 250 50 1 14614218 115.92392 39.67547
4386 30929143 1 294 40 1 86673188 116.96833 39.89887
4387 36276333 2 176  1 635414 116.38436 39.89724
4388 36354459 1 181 40 1 49065669 116.32403 39.89285
4389 31167333 1 165 60 1 281609 116.77501 39.58954
4390 32922756 1 274 70 1 540622 116.74044 40.17016
4391 36641103 2 198  1 219004 117.09546 39.90184
4392 30475095 23 135  1 14423819 116.51138 39.82302
4393 62142553 2 316  1 40900810 116.55294 39.79605
4394 46804141 1 270 60 1 87717151 115.73303 39.98658
4395 36255067 1 85 40 1 71712835 115.37713 39.68841
4396 36641104 2 174  1 16241871 117.07584 39.76697
4397 34601405 1 174 70 1 88702567 116.69535 40.19227
4398 32922757 1 273 60 1 88703216 116.74694 40.16968
4399 30475097 1 90 50 1 345032 116.3181 39.8303
4400 36276334 22 0  1 634567 116.46179 39.89989
4401 62142554 2 331  1 62386107 116.51358 39.82084
4402 46804144 1 323 50 1 20202726 115.95085 39.97663
4403 36354460 1 90 70 1 49065667 116.32429 39.89233
4404 60972112 22 309  1 20459786 116.6192 40.05376
4405 30475098 1 271 60 1 312955 116.30813 39.83083
4406 36276335 2 179  1 680361 116.4251 39.95774
4407 36641106 2 262  1 294687 116.79932 39.95196
4408 40558096 1 65 120 1 14762256 116.69522 40.27218
4409 61999044 2 63  1 54896750 116.79629 40.35507
4410 34601406 1 187 50 1 767160 116.7214 40.16419
4411 30475099 1 270 60 1 14424168 116.30198 39.83083
4412 36276336 5 269  1 568784 116.41696 39.94321
4413 46804145 1 152 50 1 87717191 115.9508 39.9767
4414 36641091 2 263  1 56930832 116.83477 39.94539
4415 60972113 22 276  2 20459785 116.61672 40.05455
4416 36328819 2 9  1 760593 116.55597 40.0706
4417 32922759 1 11 60 1 422761 116.79883 40.264
4418 36641107 2 269  1 18875786 116.81326 39.97223
4419 36276337 22 268  3 669919 116.37599 39.949
4420 30475100 1 90 50 1 62258294 116.302 39.83029
4421 32993716 1 123 50 1 20165063 116.84216 39.8564
4422 36354461 2 89  1 19482599 116.31234 39.83741
4423 62142555 2 22  1 19688121 116.51285 39.7637
4424 60972114 22 275  3 20459789 116.61671 40.05444
4425 46804146 1 325 50 1 87717201 115.86483 40.04192
4426 36641108 2 89  1 279588 116.81191 39.97209
4427 36276338 2 177  1 9000000092415 116.43373 39.86624
4428 30475101 23 270  1 62258289 116.32524 39.83086
4429 32922760 1 191 60 1 422761 116.79883 40.26396
4430 34601407 1 7 60 1 767160 116.7214 40.16419
4431 46804147 1 144 50 1 87717202 115.86483 40.04192
4432 62142556 2 139  1 61999453 116.52892 39.81923
4433 36641109 2 175  1 86693191 116.81396 39.95365
4434 36276339 2 178  1 31865689 116.46719 40.01215
4435 30475102 23 90  1 14424211 116.32524 39.8303
4436 30917133 1 84 70 1 87913803 116.61148 40.04629
4437 46804148 1 302 50 1 87717203 115.8615 40.03091
4438 36276364 2 179  1 86366603 116.43203 39.92968
4439 32943983 1 92 60 1 86383206 116.64205 40.29317
4440 36641110 2 357  1 16193450 116.81501 39.94348
4441 34601408 1 92 50 1 9000001323952 116.62959 40.21154
4442 36276340 23 268  1 32092830 116.42668 39.90848
4443 46804149 1 121 50 1 87717204 115.8615 40.03091
4444 36641111 2 172  1 56930856 116.83433 39.94556
4445 36276341 5 90  1 662900 116.40874 39.92993
4446 32922761 1 272 60 1 9000000089955 116.7727 40.21135
4447 36354492 2 91  1 28211764 116.37701 39.94866
4448 62142557 2 309  1 40900819 116.54644 39.78438
4449 34601410 1 272 50 1 9000001323952 116.62959 40.21154
4450 46804150 1 275 50 1 87717212 115.892 40.03386
4451 36641112 2 85  1 62102031 116.84022 39.94579
4452 30475105 23 270  1 14424233 116.35219 39.83134
4453 46800256 1 356 70 1 72065918 116.4674 40.01376
4454 36354493 22 88  1 586758 116.4272 39.94946
4455 32922762 1 92 50 1 9000000089955 116.77272 40.21135
4456 60972118 22 266  2 20459785 116.61546 40.05456
4457 36276343 5 127  1 30419748 116.51471 40.01146
4458 34601411 1 0 70 1 61633550 116.66022 40.20049
4459 46923152 1 90 70 1 87808819 116.34987 39.89769
4460 61087010 8 180  1 87913463 116.31022 39.89679
4461 32922764 1 1 60 1 414484 116.87206 40.22
4462 36641113 2 264  1 299525 116.86879 39.94824
4463 62016159 2 91  1 41863323 116.58941 39.932
4464 46804151 1 92 50 1 87717213 115.892 40.03386
4465 34601412 1 180 70 1 61633541 116.66011 40.20089
4466 60972119 22 265  3 20459789 116.61547 40.05446
4467 31167335 1 9 60 1 16337569 116.28261 39.42589
4468 36354494 2 177  1 88075186 116.42427 39.98379
4469 62142559 2 342  1 19615596 116.52686 39.8225
4470 36276345 23 175  1 630797 116.38417 39.89964
4471 30475107 1 87 50 1 14424335 116.33596 39.83038
4472 60972120 22 263  2 20459788 116.6149 40.05452
4473 46804152 1 317 50 1 87904566 116.02317 40.00304
4474 32922765 1 181 60 1 414484 116.87206 40.22005
4475 35411260 8 177  1 662744 116.41811 39.96466
4476 34765288 8 181  1 39862419 116.37121 39.85022
4477 36276346 2 89  1 628620 116.37799 39.90195
4478 30475110 23 32  1 14424408 116.34543 39.78301
4479 36641115 2 85  1 86693685 116.84724 39.94637
4480 60972121 22 265  3 20459790 116.61492 40.05441
4481 46804153 1 139 50 1 87904567 116.02317 40.00304
4482 46946183 1 90 70 1 87757776 116.43016 39.92435
4483 36358409 2 292  1 19376403 116.43064 40.04063
4484 36276347 5 355  1 534651 116.38402 39.90447
4485 34601415 1 181 70 1 548159 116.64157 40.18929
4486 36645807 5 4  1 418507 116.33734 39.92565
4487 32922766 1 267 60 1 9000000118504 116.81096 40.24128
4488 30475111 1 358 70 1 14613692 116.58056 39.69646
4489 60944224 23 269  1 87729023 116.43411 39.90516
4490 60972122 22 255  2 20459788 116.61427 40.05443
4491 46804154 1 41 50 1 87904635 115.87922 40.04242
4492 36358410 2 13  1 9000000094250 116.46676 40.07145
4493 36645808 2 184  1 49089052 116.35969 39.92156
4494 62163083 2 353  1 322018 116.20761 39.9727
4495 36744979 1 188 50 1 14443666 116.48549 39.85263
4496 34601416 1 17 40 1 14751772 116.65827 40.15457
4497 36354369 2 81  1 61017436 116.301 40.02499
4498 46804155 1 223 50 1 87904634 115.87924 40.04245
4499 36358411 2 205  1 722867 116.46123 40.05467
4500 60972123 22 257  3 20459790 116.6143 40.05432
4501 62163084 2 175  1 69869423 116.20738 39.97353
4502 36276348 1 179 70 1 9000000118212 116.4251 39.95792
4503 30475113 1 358 70 1 14613694 116.58035 39.70211
4504 36645809 2 86  1 31966532 116.3051 39.98489
4505 34601417 8 17  1 14751772 116.65827 40.15456
