2704 62044618 2 178  1 87422693 116.2311 39.87338
2705 60938104 1 217 60 1 472158 116.17683 39.77864
2706 36580386 1 265 50 1 61870477 116.57082 40.2099
2707 36255121 2 9  1 40417011 116.5577 40.08102
2708 46777262 1 223 60 1 85731841 116.0068 40.47311
2709 31204195 1 269 50 1 374135 117.15047 40.14597
2710 62044619 7 82  1 16460558 116.14285 39.88967
2711 62359967 1 177 60 1 612915 115.97749 40.46419
2712 34556214 1 86 60 1 87901705 116.25939 40.04764
2713 32918672 1 41 50 1 87717245 115.98908 39.96466
2714 30466173 1 117 70 1 14593786 116.67865 39.6573
2715 36580387 1 126 40 1 242508 116.2622 40.26759
2716 46777263 1 45 60 1 85731838 116.00683 40.47304
2717 40703126 1 305 120 1 12651011 116.79172 39.65772
2718 34556215 8 78  1 29941921 116.26912 40.03156
2719 62359968 2 28  1 595431 115.96743 40.45166
2720 36255123 2 90  1 1365276 116.25147 40.1212
2721 60938106 1 183 50 1 15812682 116.17064 39.75078
2722 30466174 1 78 70 1 14593852 116.64269 39.64836
2723 36580388 1 105 60 1 49854727 116.60689 40.17327
2724 46795120 1 27 50 1 87704333 117.3199 40.28902
2725 30566109 1 248 70 1 14760675 115.91616 40.51275
2726 36255125 2 254  1 86071719 116.30424 40.09629
2727 36354201 2 268  1 760398 116.59164 40.03646
2728 34556216 8 90  1 650286 116.28398 40.03383
2729 62314819 2 267  1 71759707 116.39855 39.68405
2730 62044620 5 87  1 12645039 116.28607 39.85601
2731 30466175 1 258 70 1 14593857 116.6424 39.64838
2732 62359969 1 254 60 1 612767 115.98894 40.46352
2733 60938107 1 249 70 1 9000000102408 116.22557 39.76666
2734 36590238 2 90  1 244584 116.53281 39.63584
2735 32870597 6 82  1 703174 116.26611 40.04836
2736 31150242 1 253 60 1 56930642 116.81214 39.9657
2737 30466176 1 295 70 1 14593958 116.67632 39.6235
2738 36255126 2 348  1 14272918 116.33365 40.07922
2739 34556217 8 270  1 62118175 116.28644 40.03396
2740 32870598 8 258  1 709442 116.26907 40.03166
2741 46796119 1 326 100 1 87708133 116.52254 39.97237
2742 62044621 7 146  1 463578 116.28003 39.87084
2743 62359970 2 265  1 20165435 115.97768 40.46524
2744 36562589 2 352  1 40385849 116.44543 39.85383
2745 60938108 1 68 70 1 17735126 116.22573 39.76614
2746 36255127 2 5  1 50056578 116.14069 40.14053
2747 34556218 8 91  1 29941927 116.29027 40.03385
2748 46796122 1 270 60 1 15827886 116.53697 39.94151
2749 36354202 22 323  1 755785 116.61418 40.04839
2750 30466182 1 270 70 1 14594183 116.46955 39.76634
2751 62044622 2 60  1 87422682 116.23057 39.87228
2752 32870599 8 319  1 32398847 116.28059 40.02346
2753 62359971 1 255 60 1 612878 115.99242 40.46774
2754 36255128 2 285  1 88059154 116.15342 40.13222
2755 34556219 8 272  1 62118167 116.29196 40.03392
2756 36590242 2 32  1 9000001272082 116.61951 39.61932
2757 60944193 23 270  1 549320 116.45934 39.87625
2758 46796123 1 91 60 1 41470428 116.53696 39.94138
2759 60938109 1 3 50 1 18758905 116.14354 39.76193
2760 32870600 1 319 70 1 32398847 116.28058 40.02347
2761 36354203 2 331  1 740402 116.55405 40.02696
2762 36590243 2 353  1 55205472 116.29536 39.6646
2763 62044623 2 1  1 19633680 116.23875 39.8759
2764 62359972 1 354 60 1 611276 115.97758 40.46418
2765 36255129 2 329  1 70618309 116.26641 40.08157
2766 36362129 22 91  1 71372198 116.63756 39.92682
2767 32870601 8 319  1 61017522 116.27835 40.02602
2768 46796124 1 270 70 1 19496019 116.52251 39.92388
2769 34556220 8 258  1 710898 116.30317 40.03459
2770 30466183 1 90 70 1 9000000042467 116.46955 39.76634
2771 36354204 18 137  1 12666224 116.50469 39.99411
2772 36255130 2 171  1 50047880 116.33453 40.07365
2773 32870602 8 140  1 12874167 116.2782 40.02591
2774 36308959 2 83  1 71851621 116.33717 40.08606
2775 36590244 2 103  1 71370111 116.27706 39.60455
2776 62359973 2 163  1 598506 115.98362 40.44789
2777 32870603 8 260  1 14118267 116.27784 40.03343
2778 30466184 1 353 70 1 14594244 116.3444 39.75342
2779 36354205 2 355  1 72305525 116.22746 39.92911
2780 36255131 2 90  1 735917 116.42066 40.07411
2781 62359974 2 85  1 85731534 115.98894 40.45897
2782 36276411 1 269 70 1 60923507 116.43143 39.94112
2783 34556222 1 270 40 1 702623 116.26958 40.00549
2784 36590245 2 354  1 9000001260018 116.27904 39.59133
2785 46796125 1 90 70 1 87708204 116.52249 39.92374
2786 60938126 22 19  1 19607756 116.62648 40.31364
2787 30466185 1 175 70 1 14594246 116.34384 39.75359
2788 62044625 7 357  1 49965642 116.16291 39.88731
2789 34556223 1 90 40 1 702623 116.26958 40.00549
2790 36590246 2 268  1 244964 116.58523 39.63703
2791 36255132 2 179  1 41634354 116.42123 40.07435
2792 32870606 8 173  1 61017662 116.31355 40.02551
2793 62360077 2 263  1 87580482 116.0982 39.93429
2794 36354207 22 351  1 752645 116.61488 40.04689
2795 30466186 1 172 60 1 14594297 116.33008 39.77916
2796 62044626 7 338  1 463613 116.27466 39.91444
2797 60938127 22 174  1 275702 116.65271 40.29086
2798 46796127 23 92  1 29880009 116.53494 39.92354
2799 62218473 2 168  1 342813 116.30835 39.42101
2800 34556224 8 346  1 574397 116.41223 40.04858
2801 36590247 2 278  1 71370106 116.27736 39.60449
2802 32870607 8 352  1 42254916 116.31356 40.02676
2803 62360078 1 129 60 1 16570640 116.09493 39.94405
2804 36255766 1 349 60 1 18866748 116.33017 39.77951
2805 34556227 6 34  1 19376306 116.16347 39.76243
2806 46796128 1 267 70 1 87708217 116.55173 39.92384
2807 30466188 1 173 50 1 24405548 116.80022 40.56865
2808 32870608 6 72  1 62118124 116.30642 40.05051
2809 60938128 22 342  1 295132 116.65394 40.28457
2810 46796129 1 87 70 1 87708220 116.55174 39.92374
2811 62044628 2 358  1 14165651 116.36415 39.875
2812 36590248 2 173  1 70619976 116.27895 39.59199
2813 36255770 22 1  1 340752 116.33513 39.77366
2814 34556232 1 268 60 1 14728273 117.19811 40.16859
2815 46971609 1 61 60 1 88558403 116.31181 39.47499
2816 62044629 2 176  1 13208131 116.364 39.87528
2817 30466189 1 9 50 1 14594446 116.82051 40.55806
2818 46796130 1 317 100 1 88032346 116.50482 39.99426
2819 62360079 2 263  1 71193012 116.08891 39.94316
2820 60982117 22 58  1 17637223 116.68567 40.39072
2821 36590249 1 344 120 1 71372962 116.48854 39.5701
2822 60938129 22 90  1 280392 116.66277 40.31947
2823 36354319 2 177  1 71760040 116.28997 39.82292
2824 34556244 1 51 40 1 18805158 116.43367 40.91103
2825 35411296 23 178  1 71113695 116.43371 39.94067
2826 62044630 7 161  1 454239 116.27485 39.88383
2827 30917109 1 267 70 1 56930755 116.80807 39.94415
2828 46796131 1 219 60 1 88032350 117.01533 40.44728
2829 36255772 2 176  1 344981 116.68962 39.76208
2830 30466190 1 189 50 1 14594446 116.82047 40.55784
2831 32870610 6 142  1 60395017 116.32841 40.05546
2832 34556245 1 231 40 1 18805158 116.43368 40.91104
2833 62360080 2 60  1 16570476 116.08291 39.94099
2834 36256124 8 85  1 536499 116.6474 39.90693
2835 60938130 22 273  1 17256993 116.66003 40.31961
2836 46796132 1 36 60 1 18702139 117.01533 40.44728
2837 36590250 1 164 120 1 61534253 116.48828 39.57001
2838 62360814 2 108  1 355117 116.10699 39.90944
2839 62044631 7 325  1 454260 116.28101 39.87015
2840 30466192 1 226 40 1 18701659 116.82036 40.54012
2841 32918675 1 96 60 1 20267493 116.15986 39.80995
2842 36261893 2 255  1 364736 116.77028 40.14159
2843 32875595 6 183  1 87669326 116.41204 40.04789
2844 36590251 2 87  1 530259 116.29508 39.66483
2845 36354210 2 93  1 31741475 116.24799 39.92705
2846 46796133 1 203 60 1 61200740 117.00154 40.4312
2847 60938131 22 90  1 280382 116.6587 40.31959
2848 62360082 2 162  1 16460803 116.09008 39.93945
2849 62044632 7 341  1 504042 116.27429 39.89094
2850 36266545 2 6  1 810053 116.52306 40.11458
2851 30466196 1 292 50 1 14594626 116.91258 40.56435
2852 32875596 8 353  1 727573 116.41387 40.05854
2853 62360083 2 152  1 235202 116.0856 39.93832
2854 36590253 2 208  1 250667 116.61976 39.61973
2855 30466197 1 114 50 1 14594625 116.91258 40.56435
2856 62044633 2 1  1 19284396 116.29406 39.85883
2857 60938132 22 225  1 17257015 116.65912 40.31791
2858 36266546 2 91  1 55117722 116.61728 40.1175
2859 36590254 2 174  1 86831000 116.29528 39.66525
2860 34556249 1 103 60 1 17282996 116.66064 40.86497
2861 32875597 8 175  1 726119 116.41367 40.05855
2862 36266547 2 181  1 70768910 116.43473 40.08913
2863 36255036 22 196  1 9000000112160 116.33609 39.72768
2864 46796136 1 270 70 1 532358 117.07868 40.14535
2865 32875598 8 355  1 727573 116.41305 40.06786
2866 62044634 2 89  1 515459 116.30103 39.85785
2867 30466200 1 251 70 1 86344799 116.91975 40.40164
2868 36266551 2 91  1 60923752 116.62886 40.1174
2869 36362131 22 355  1 482186 116.63934 39.92576
2870 34556250 1 47 80 1 72291702 116.74536 40.82071
2871 62360085 23 27  1 50064496 116.04094 39.98793
2872 46796137 1 90 70 1 88032386 117.07864 40.14527
2873 30466201 1 270 50 1 14762111 116.92466 40.37767
2874 34580241 8 269  1 14095207 116.38668 39.97689
2875 36266552 2 90  1 61632831 116.65022 40.11716
2876 36590256 2 336  1 9000001328671 116.39724 39.5442
2877 60938134 1 90 50 1 70454751 116.65826 40.31572
2878 32875599 8 175  1 726119 116.4129 40.06787
2879 62046854 7 168  1 362005 116.29915 39.98983
2880 62360086 1 351 60 1 87904923 116.09632 39.98423
2881 36266553 2 89  1 40601495 116.68029 40.11562
2882 60938135 22 90  1 39764996 116.66061 40.31571
2883 30466202 1 281 40 1 14762142 116.99283 40.362
2884 32875600 8 355  1 727577 116.41304 40.0681
2885 36354212 1 171 70 1 752722 116.61538 40.04754
2886 34580242 8 90  1 40040560 116.3893 39.97681
2887 36590257 2 89  1 31864752 116.58425 39.637
2888 36266555 2 271  1 40385186 116.59794 40.11796
2889 62360087 2 262  1 87818810 116.10154 39.93481
2890 36737720 2 271  1 556354 116.60121 39.90934
2891 46800130 1 270 50 1 622780 116.38248 39.85729
2892 32875601 8 175  1 726115 116.41289 40.0681
2893 36266556 2 177  1 32234706 116.41339 40.08947
2894 36590258 2 276  1 26870245 116.65296 39.61974
2895 60938136 1 226 50 1 298279 116.70909 40.25892
2896 30466203 1 99 50 1 14762141 116.99283 40.362
2897 34580243 8 178  1 40927177 116.39424 39.97486
2898 60695146 1 305 60 1 237948 116.09348 39.99687
2899 32875602 8 13  1 727577 116.41398 40.07931
2900 36590259 2 266  1 244582 116.53316 39.63585
2901 62046855 2 155  1 19613422 116.25131 39.98781
2902 62360088 2 237  1 69991665 116.08332 39.94137
2903 36354213 2 96  1 760513 116.61162 40.03518
2904 46800132 1 358 60 1 87728863 116.38694 39.85492
2905 36354250 2 177  1 41575634 116.34019 39.76331
2906 34580244 8 270  1 32234465 116.40472 39.97708
2907 36590260 2 266  1 70769080 116.29567 39.66493
2908 30466204 1 294 50 1 61078799 116.98981 40.35579
2909 32875603 8 5  1 727580 116.41401 40.0795
2910 60944121 18 178  1 732526 116.48157 40.07906
2911 46800133 1 180 60 1 29774106 116.38683 39.85494
2912 36266558 2 193  1 19693142 116.52553 40.12288
2913 36418248 7 352  1 424720 116.27596 39.95743
2914 36590261 2 272  1 460020 116.29813 39.51103
2915 30466205 1 114 40 1 24438049 116.98981 40.35579
2916 34580245 1 8 60 1 676159 116.38063 39.96816
2917 62360089 2 72  1 232162 116.08552 39.93817
2918 60944122 1 178 120 1 732526 116.48156 40.07919
2919 36354215 22 307  1 755784 116.61367 40.04886
2920 62046856 7 87  1 87767564 116.34407 39.98627
2921 32875605 8 190  1 726115 116.41389 40.07932
2922 30466206 1 169 60 1 14762225 116.01461 40.3207
2923 36590262 2 65  1 233309 116.6317 39.64526
2924 60944123 18 271  1 600064 116.37599 40.02289
2925 34580250 8 97  1 29880406 116.44015 39.97629
2926 62360090 1 149 50 1 50100758 116.09518 39.94004
2927 32876595 6 271  1 50056615 116.13859 40.13251
2928 30466207 1 346 120 1 570933 116.24319 40.17133
2929 36354238 2 66  1 32114503 116.29025 39.77639
2930 36590263 2 237  1 226253 116.6318 39.64544
2931 46800136 1 0 60 1 631217 116.3869 39.86005
2932 36266559 2 272  1 72495670 116.61671 40.11763
2933 35411298 23 357  1 12676418 116.43386 39.94093
2934 36590264 2 171  1 534711 116.27715 39.6047
2935 62046857 7 351  1 407122 116.29955 39.98919
2936 30466208 1 163 120 1 14762239 116.24304 40.17093
2937 34580253 1 90 50 1 13208386 116.40523 39.94887
2938 62360091 2 81  1 71192991 116.10088 39.93462
2939 36590265 2 4  1 488272 116.27717 39.60436
2940 35408280 23 183  1 720030 116.40775 40.00234
2941 32876596 1 271 50 1 50056615 116.13855 40.13251
2942 46800137 1 181 60 1 632788 116.3868 39.86005
2943 32993681 8 90  1 16460090 116.65449 39.87551
2944 36354239 2 266  1 340437 116.27906 39.75218
2945 36266562 2 180  1 61200776 116.54366 40.1319
2946 62360092 1 152 50 1 18062445 116.09837 39.93268
2947 46800138 1 270 50 1 634304 116.39379 39.85724
2948 62046858 7 178  1 88072249 116.27411 39.93896
2949 34580255 8 270  1 72066033 116.4667 39.93381
2950 32876598 1 90 50 1 54083654 116.14081 40.13241
2951 60944125 18 90  1 12512148 116.42416 40.02208
2952 36354240 2 345  1 71501225 116.27862 39.75173
2953 36266563 2 74  1 40601623 116.70036 40.12535
2954 30466210 1 190 120 1 14762244 116.48747 40.17029
2955 36590268 2 91  1 458461 116.29764 39.51089
2956 46800139 1 90 50 1 624369 116.39378 39.85685
2957 32876599 6 90  1 54083654 116.14084 40.13241
2958 62046859 7 341  1 392478 116.27449 39.93833
2959 62360093 2 73  1 16460799 116.09003 39.93915
2960 46877226 1 125 60 1 88653149 116.62897 40.29662
2961 36354242 2 87  1 344936 116.33091 39.76989
2962 60944126 18 271  1 12512161 116.43113 40.02212
2963 32888595 6 306  1 1349848 116.28647 40.1093
2964 46800140 1 264 50 1 62258615 116.37961 39.87134
2965 30466211 1 64 120 1 14762259 116.81556 40.33579
2966 60944136 18 91  1 85387317 116.50732 39.90786
2967 36590269 2 157  1 61646163 116.39713 39.54447
2968 36354243 2 90  1 14594343 116.3166 39.76986
2969 34580261 8 90  1 30050390 116.45826 39.94124
2970 62046860 2 336  1 403384 116.25165 39.98737
2971 30466212 1 243 120 1 14753179 116.81556 40.33601
2972 62360094 2 256  1 232163 116.08581 39.93824
2973 32918595 8 308  1 50118751 116.45219 39.82585
2974 34543321 1 152 50 1 277045 115.75262 39.52049
2975 62314823 2 266  1 70042602 116.40377 39.67727
2976 36593884 2 254  1 61200208 116.43943 39.67984
2977 36266566 2 5  1 19693161 116.54366 40.13132
2978 30466213 1 257 100 1 306249 116.92838 40.39525
2979 60944141 22 88  1 627526 116.40491 39.91517
2980 62254942 2 245  1 19362850 116.53293 39.76996
2981 47057126 1 180 40 1 88052406 116.33608 39.82222
2982 36354244 5 182  1 14594375 116.31162 39.75682
2983 46800142 1 268 60 1 563511 116.43074 39.90077
2984 34580262 1 348 80 1 580977 116.48962 39.95337
2985 62360095 1 90 40 1 20211576 116.09448 39.94553
2986 36593885 2 352  1 18667300 116.43932 39.67958
2987 36266567 2 90  1 61200773 116.55277 40.14667
2988 62046862 7 9  1 366829 116.30102 39.97766
2989 32918598 8 264  1 49143453 116.49351 39.93392
2990 34580263 8 259  1 49143453 116.49429 39.93405
2991 30442211 1 214 50 1 31882594 117.09489 40.07109
2992 46800143 1 357 70 1 625895 116.42132 39.87539
2993 36266568 2 90  1 85708573 116.65143 40.11715
2994 30466215 1 31 100 1 366472 117.17412 40.49037
2995 36593887 2 174  1 195733 116.40436 39.70198
2996 62360096 2 259  1 55164312 116.09912 39.95059
2997 32918599 1 179 100 1 40385507 116.54871 39.87966
2998 62046863 7 135  1 42172032 116.29644 39.99276
2999 34580264 8 78  1 87758034 116.4944 39.93394
3000 60944143 8 180  1 555899 116.46127 39.88901
3001 36593888 2 1  1 41719726 116.31399 39.79848
3002 30466216 1 62 80 1 54463425 117.24848 40.62062
3003 36354246 1 354 60 1 71114215 116.33173 39.76319
3004 36266569 2 1  1 70565018 116.43342 40.11815
3005 36593889 2 273  1 60886026 116.34821 39.76311
3006 62046864 18 177  1 12645759 116.27425 39.93663
3007 32941700 1 271 70 1 40259813 116.34427 39.90737
3008 46800144 1 174 70 1 32093027 116.42109 39.87529
3009 34580265 8 270  1 40416647 116.4886 39.93379
3010 36266570 2 270  1 40385339 116.55467 40.13133
3011 30466217 1 204 100 1 14762339 117.25626 40.63755
3012 36593890 2 92  1 60886016 116.36826 39.7632
3013 62360097 2 333  1 70618893 116.0886 39.94286
3014 34580266 8 269  1 87758021 116.49859 39.92306
3015 30466218 1 202 100 1 14762345 117.25995 40.64299
3016 62046865 7 279  1 400125 116.30921 39.9854
3017 60944144 8 183  1 57862191 116.46125 39.88778
3018 32918600 8 282  1 40015747 116.59089 39.9122
3019 36593891 2 271  1 42259805 116.43745 39.74156
3020 46800146 1 180 70 1 87728903 116.42159 39.86534
3021 36354248 2 357  1 41575585 116.32767 39.76637
3022 36641088 2 343  1 245169 116.9884 39.76311
3023 36266571 2 189  1 790222 116.56111 40.10267
3024 30466219 1 293 60 1 547946 116.01774 40.35051
3025 36593892 2 84  1 70042305 116.41924 39.68544
3026 60944145 8 180  1 14641304 116.46105 39.87607
3027 62020987 2 166  1 15341282 116.74749 40.08756
3028 62360098 2 88  1 71193010 116.08817 39.943
3029 46800148 1 270 80 1 87728905 116.40399 39.85714
3030 34580267 8 269  1 87758020 116.49734 39.92304
3031 62046866 7 164  1 686639 116.37911 39.98498
3032 36354249 2 177  1 313526 116.32762 39.76712
3033 32918601 8 285  1 40015746 116.58987 39.91245
3034 36266572 2 269  1 40601497 116.68122 40.11578
3035 36593893 2 86  1 70042505 116.42004 39.68198
3036 30466221 1 181 80 1 14762385 116.27509 39.92319
3037 60944146 8 182  1 625994 116.46088 39.86924
3038 34580268 8 270  1 14226495 116.46559 39.92336
3039 36266574 2 101  1 19693144 116.54328 40.13159
3040 36593895 2 173  1 39942886 116.42061 39.67856
3041 62046867 7 268  1 14273318 116.31215 39.98557
3042 30466222 1 103 90 1 14762386 116.43841 40.02129
3043 46800149 1 270 60 1 87728908 116.40401 39.8573
3044 62360099 2 321  1 235193 116.08322 39.94106
3045 36593896 2 169  1 212947 116.40625 39.71433
3046 34580270 8 271  1 12514227 116.50312 39.90812
3047 30469074 1 138 70 1 14117946 116.28049 40.02343
3048 36266798 2 6  1 70763851 116.2744 40.20712
3049 46800150 1 90 60 1 87728909 116.40405 39.85689
3050 32918603 8 277  1 40015744 116.58191 39.91416
3051 36354252 2 0  1 62338642 116.31521 39.75282
3052 62046868 7 328  1 366579 116.30081 39.98035
3053 36593897 2 270  1 212930 116.40349 39.714
3054 60944148 8 267  1 636735 116.43614 39.85896
3055 30469075 1 137 70 1 32398841 116.28044 40.02338
3056 34580271 8 90  1 87915750 116.50309 39.90791
3057 36266799 2 4  1 1446246 116.27486 40.21247
3058 46800151 1 270 50 1 87728914 116.39966 39.85724
3059 62360100 1 255 40 1 232162 116.08346 39.9377
3060 36354253 2 321  1 320938 116.29172 39.78262
3061 32918604 8 97  1 561677 116.58149 39.91407
3062 30469076 1 142 80 1 692657 116.3223 40.06313
3063 62242200 7 275  1 13208369 116.41165 39.94922
3064 36593898 2 270  1 212956 116.40455 39.70981
3065 60944175 23 355  1 87728924 116.38779 39.87351
3066 60944149 8 270  1 40900686 116.41672 39.85719
3067 36354254 2 271  1 71114307 116.34049 39.76318
3068 62046870 2 171  1 17230965 116.63009 40.07518
3069 31162074 1 218 50 1 60921598 116.36543 40.36472
3070 60982121 22 270  1 17307924 116.66273 40.35686
3071 46800152 1 90 50 1 87728911 116.40055 39.85691
3072 30469077 1 323 70 1 14272944 116.31792 40.07038
3073 36266800 2 57  1 49825017 116.1183 40.23179
3074 34580272 8 91  1 14770702 116.50834 39.90785
3075 32918605 8 277  1 560005 116.57551 39.91494
3076 62360101 1 317 50 1 16570784 116.05357 39.99072
3077 36284450 2 176  1 345727 116.82228 40.15007
3078 62046871 2 351  1 49102218 116.63039 40.07429
3079 36593900 2 270  1 18667087 116.39898 39.70443
3080 30469082 1 273 60 1 14273103 116.53571 39.91655
3081 46800154 1 176 60 1 562048 116.3995 39.86223
3082 32918606 8 97  1 559996 116.57404 39.915
3083 36354255 2 177  1 71114208 116.33146 39.76355
3084 36266801 2 87  1 9000000111221 116.11852 40.21299
3085 36590239 2 268  1 70588695 116.28315 39.5483
3086 36354256 2 271  1 49048592 116.317 39.77304
3087 30469083 1 94 60 1 14273090 116.53569 39.91646
3088 62360102 1 266 50 1 31864722 116.10691 39.92819
3089 32918607 8 274  1 40015730 116.56889 39.91568
3090 34580276 8 90  1 12514231 116.51608 39.90776
3091 60944151 8 270  1 87728906 116.40394 39.85714
3092 36266802 2 162  1 41535203 116.9096 40.15365
3093 46800155 1 357 70 1 87728918 116.39996 39.86244
3094 30469087 1 269 50 1 14273336 116.43555 39.99367
3095 36593902 2 172  1 86750712 116.293 39.68398
3096 36328836 2 351  1 55117480 116.59289 40.06209
3097 62360103 1 242 60 1 71192959 116.08502 39.92901
3098 32918608 8 94  1 40015737 116.56892 39.91555
3099 34580278 8 271  1 555383 116.54409 39.90944
3100 36354257 2 182  1 14594375 116.31161 39.75681
3101 36593903 1 266 50 1 207940 116.43208 39.70585
3102 36354323 1 337 40 1 9000000091247 116.25905 39.7665
3103 60944152 8 271  1 626017 116.39373 39.85712
3104 30469088 1 90 50 1 14273337 116.43542 39.9936
3105 46800156 1 357 60 1 87728919 116.40014 39.86243
3106 32918609 8 268  1 40015728 116.5608 39.91604
3107 62046874 2 160  1 17230945 116.63936 40.04642
3108 34580280 8 91  1 556902 116.54457 39.90907
3109 36593904 2 77  1 18667119 116.46223 39.72598
3110 34543313 1 5 50 1 54231137 115.71443 39.5666
3111 60944153 8 270  1 555936 116.38249 39.85718
3112 30469093 1 180 70 1 14273682 116.27581 39.62145
3113 36354259 2 246  1 19355131 116.2909 39.77676
3114 46800157 1 177 70 1 87728916 116.39964 39.86244
3115 34580281 8 270  1 49107470 116.55107 39.90934
3116 62360105 1 329 50 1 71193014 116.09528 39.94007
3117 36677536 2 245  1 61078351 116.8562 40.36374
3118 36593905 22 171  1 20267140 116.16261 39.81141
3119 62314190 2 90  1 9000011934698 116.30644 39.68807
3120 30469094 1 356 70 1 14531831 116.27581 39.62145
3121 60944154 8 89  1 622790 116.38264 39.85701
3122 32918611 8 91  1 40015734 116.55311 39.91576
3123 46800158 1 358 70 1 87728923 116.38779 39.87345
3124 36266806 2 91  1 49854882 116.5561 40.20982
3125 34580282 8 90  1 553809 116.55116 39.90901
3126 62046875 2 339  1 17230943 116.63967 40.04587
3127 36354260 2 180  1 17735228 116.26741 39.76983
3128 62360106 1 156 60 1 234194 116.08948 39.94083
3129 30469095 1 266 70 1 86761457 116.30531 39.66552
3130 36593906 2 356  1 338833 116.31338 39.8096
3131 36290691 2 3  1 40601617 116.62946 40.1171
3132 60944155 18 90  1 12645856 116.38854 39.857
3133 61000130 8 187  1 32234170 116.38015 39.96648
3134 36266808 2 346  1 389419 116.12049 40.18849
3135 32918612 8 90  1 560121 116.55423 39.91576
3136 60944156 8 91  1 552830 116.40413 39.85699
3137 36593907 2 351  1 71760031 116.35084 39.73638
3138 30469097 1 91 70 1 18057221 116.30267 39.60528
3139 34580289 8 272  1 12514179 116.59295 39.90942
3140 62360107 1 335 60 1 235396 116.08956 39.94084
3141 62047931 2 336  1 70798883 116.22034 39.7947
3142 62314825 2 268  1 86879263 116.38084 39.74328
3143 36593908 2 85  1 18667023 116.40629 39.72043
3144 46800159 1 175 70 1 87728922 116.38759 39.87349
3145 36354262 1 157 40 1 9000000091247 116.25905 39.7665
3146 32918613 8 270  1 40015731 116.55418 39.91591
3147 36593910 2 67  1 71372856 116.45738 39.6852
3148 36266809 2 335  1 389078 116.12398 40.18088
3149 62047932 2 56  1 32573546 116.1884 39.7892
3150 46877228 1 177 70 1 9000000125385 116.63731 40.26188
3151 36354264 2 174  1 61207413 116.33215 39.75797
3152 30469099 1 357 40 1 14531526 116.32623 39.52098
3153 46800161 1 90 50 1 563638 116.41735 39.85688
3154 36255043 5 89  1 20114687 116.33975 39.72911
3155 36593911 2 82  1 18667451 116.4821 39.69354
3156 34580290 8 91  1 12514181 116.59296 39.90908
3157 36266810 2 81  1 49824981 116.12368 40.18108
3158 32918614 8 272  1 556802 116.55011 39.91592
3159 30469100 1 176 70 1 14531525 116.32611 39.52096
3160 46800163 1 270 50 1 563637 116.41733 39.85733
3161 36593912 2 262  1 18667457 116.48256 39.69371
3162 36354265 2 174  1 41575556 116.32745 39.77016
3163 34580291 1 92 80 1 14770657 116.60574 39.90871
3164 35411302 8 90  1 87757885 116.42066 39.94938
3165 62047933 2 236  1 86755545 116.18911 39.78969
3166 60944157 15 90  1 12645870 116.41438 39.85705
3167 36593913 2 253  1 18667381 116.42721 39.67552
3168 36266812 2 11  1 1527549 116.27633 40.22154
3169 31162366 1 79 70 1 276705 115.83992 39.55593
3170 34580293 1 293 60 1 557979 116.60766 39.90893
3171 36354266 2 177  1 71114273 116.33506 39.77043
3172 46800164 1 85 50 1 627171 116.42761 39.85809
3173 30469101 1 43 60 1 14531546 116.31985 39.47968
3174 36593914 2 90  1 69903875 116.42077 39.67526
3175 60944158 15 81  1 62258611 116.42399 39.85775
3176 62047934 2 269  1 60422183 116.16963 39.80157
3177 61087078 23 4  1 87808676 116.3716 39.85714
3178 36266813 2 90  1 50035397 116.27449 40.21283
3179 36593915 2 84  1 70042356 116.4255 39.68591
3180 34580296 18 350  1 88082010 116.54875 39.85983
3181 32918617 8 272  1 559939 116.54471 39.91609
3182 36593971 2 173  1 39942902 116.42098 39.67547
3183 34580302 1 1 80 1 334922 116.13253 39.93601
3184 36354268 2 270  1 41575583 116.32807 39.76677
3185 60944159 8 86  1 87728929 116.42765 39.85824
3186 46800165 1 264 50 1 87728933 116.42757 39.8585
3187 62047935 2 90  1 61884343 116.16912 39.80148
3188 30469102 1 271 70 1 14531560 116.37087 39.61917
3189 36563609 2 0  1 61676184 116.65807 39.83573
3190 32918618 23 272  1 14273103 116.54232 39.9162
3191 34580303 20 94 120 1 12514210 116.58948 39.8673
3192 60982124 22 1  1 573442 116.69035 40.37237
3193 36354269 2 358  1 30415857 116.32219 39.7632
3194 62360111 2 324  1 87580478 116.10767 39.93044
3195 62047936 2 89  1 470674 116.17411 39.80155
3196 36593917 2 89  1 86879333 116.40557 39.7164
3197 46800166 1 265 80 1 87728931 116.42757 39.85837
3198 36266816 2 164  1 390497 116.12034 40.18907
3199 30469103 1 91 70 1 14531559 116.37087 39.61917
3200 36445999 2 91  1 62338576 116.31123 39.75299
3201 34580304 21 270 120 1 12514208 116.58912 39.86749
3202 32918619 23 93  1 14273102 116.54144 39.91611
3203 60944160 8 91  1 631858 116.44436 39.85878
3204 36593918 2 270  1 86879331 116.40222 39.71863
3205 46800167 1 87 80 1 40900714 116.42759 39.85824
3206 36266820 2 269  1 1525979 116.26911 40.22187
3207 62047937 2 214  1 85090620 116.17482 39.80192
3208 62360112 2 141  1 69991477 116.10724 39.93084
3209 36354272 2 175  1 62338550 116.31418 39.75026
3210 34580305 20 90 80 1 87233734 116.53851 39.90917
3211 36418233 22 80  3 17478256 116.30693 39.9726
3212 32918620 8 93  1 14273102 116.53613 39.91643
3213 30469104 1 180 70 1 55313623 116.42822 39.55541
3214 62360113 2 84  1 71193009 116.10524 39.93516
3215 60944161 8 0  1 87880960 116.46122 39.87632
3216 31162069 1 179 60 1 576294 116.68432 40.33536
3217 36266821 2 178  1 19852877 116.11877 40.21355
3218 62047938 2 16  1 486219 116.1745 39.80132
3219 30469105 1 0 50 1 14531635 116.42822 39.55541
3220 34580306 21 270 100 1 555381 116.53826 39.9095
3221 62360114 1 313 60 1 72810124 116.09499 39.94417
3222 62357462 2 271  1 32246402 116.49352 39.76451
3223 36593922 2 173  1 39942933 116.42697 39.67552
3224 30469106 1 270 70 1 14531636 116.40378 39.5564
3225 36255045 5 89  1 39047203 116.33949 39.74544
3226 60944162 8 0  1 541836 116.46132 39.88162
3227 34580307 21 297 120 1 14770653 116.55304 39.84122
3228 32918622 8 94  1 553547 116.5337 39.91661
3229 62360115 1 75 40 1 232162 116.08346 39.9377
3230 30469107 1 88 70 1 14531637 116.40378 39.5564
3231 36593923 2 355  1 70042310 116.4199 39.68543
3232 36358423 2 2  1 70769031 116.44184 40.03188
3233 36266822 2 150  1 49824984 116.12362 40.18159
3234 62047940 5 93  1 49143481 116.46718 39.92709
3235 46800170 1 357 30 1 87728950 116.44522 39.86331
3236 36354274 2 341  1 15557709 116.2582 39.76864
3237 60944163 8 0  1 12634682 116.46148 39.88981
3238 30442217 1 0 40 1 30261430 117.11459 40.10848
3239 32918623 8 83  1 49913552 116.5188 39.91655
3240 36593924 2 265  1 70042516 116.42048 39.68218
3241 30469108 1 86 70 1 14531661 116.28286 39.66405
3242 36354275 2 272  1 18758717 116.3356 39.76333
3243 34580334 1 291 50 1 18056442 115.76289 39.76187
3244 32918624 8 265  1 545920 116.51265 39.91619
3245 36593925 2 355  1 69904012 116.40232 39.68378
3246 60944164 8 2  1 12634681 116.46146 39.88901
3247 34580335 1 111 50 1 18056442 115.76289 39.76187
3248 46800171 1 170 50 1 87728947 116.44511 39.86333
3249 36593927 2 354  1 39942891 116.42073 39.67843
3250 32918640 8 91  1 590798 116.48172 39.91548
3251 32918625 8 85  1 545922 116.51265 39.91607
3252 62360117 2 89  1 71192985 116.09761 39.93417
3253 34580336 1 83 40 1 303144 115.93836 39.81921
3254 36593928 2 90  1 71759647 116.40691 39.70975
3255 36266826 2 192  1 1527602 116.27529 40.21764
3256 30469110 1 7 70 1 14531792 116.32574 39.56318
3257 60944165 15 2  1 40900733 116.46153 39.89305
3258 35411304 23 222  1 14273488 116.49691 39.99786
3259 36354278 2 270  1 71114240 116.33137 39.77007
3260 34580337 1 263 60 1 303144 115.93836 39.81921
3261 62047943 2 90  1 452372 116.28158 39.56518
3262 35411311 23 269  1 87757948 116.4296 39.94111
3263 36593929 2 90  1 212930 116.40608 39.714
3264 32918626 8 270  1 30046752 116.5073 39.91597
3265 30469112 1 89 50 1 14531852 116.30178 39.5488
3266 36266827 2 267  1 61200829 116.2508 40.22127
3267 46800174 8 50  1 87728953 116.45477 39.86279
3268 62360118 2 69  1 16460778 116.06963 39.9334
3269 36593930 2 347  1 210116 116.40222 39.7185
3270 34580338 1 35 40 1 304224 115.96066 39.825
3271 36354281 2 90  1 71114275 116.33469 39.7699
3272 62047944 5 272  1 573299 116.46724 39.92562
3273 32918627 8 90  1 553551 116.50656 39.91582
3274 36266828 2 263  1 19852941 116.12409 40.18139
3275 60944166 1 24 70 1 438098 116.51697 39.77357
3276 30469113 1 161 50 1 14531859 115.54939 39.64999
3277 32919610 1 1 40 1 327520 116.35908 39.83206
3278 36354282 2 269  1 71114278 116.33567 39.77007
3279 32918628 8 268  1 14273075 116.50321 39.91586
3280 46800175 1 56 60 1 13247904 116.44311 39.87096
3281 36593931 2 166  1 210175 116.40327 39.71415
3282 36266830 2 358  1 390580 116.1188 40.21261
3283 36354283 2 358  1 41575635 116.34003 39.76645
3284 30469114 1 342 70 1 14531860 115.54939 39.64999
3285 32943753 2 337  1 444948 116.31371 39.86262
3286 32918629 8 269  1 632082 116.49688 39.91571
3287 62357463 2 200  1 19688083 116.50915 39.76526
3288 62047946 2 273  1 70049481 116.66302 39.90014
3289 62360120 2 151  1 232999 116.10572 39.94911
3290 36270344 2 75  1 70811125 116.63081 40.31149
3291 30469115 1 255 70 1 14531917 115.79115 39.54199
3292 34580340 1 138 50 1 303086 115.96168 39.76101
3293 36593932 2 0  1 86879103 116.39876 39.70426
3294 32918630 8 89  1 590787 116.49673 39.9156
3295 32993688 8 284  1 524061 116.6883 39.87169
3296 36354285 2 2  1 62338769 116.31161 39.75645
3297 46800179 1 0 70 1 17610055 116.42207 39.8602
3298 30469116 1 75 70 1 14531916 115.79115 39.54199
3299 36270345 2 9  1 15086274 116.63893 40.33179
3300 62360121 2 264  1 72810171 116.10769 39.93071
3301 34580341 1 85 30 1 18059267 116.21688 39.58014
3302 35411305 23 228  1 87757870 116.44451 39.96072
3303 36354286 2 357  1 62338609 116.3115 39.75282
3304 60944168 1 82 30 1 58252703 116.55891 39.76681
3305 46800180 1 178 70 1 612682 116.42184 39.86008
3306 30469117 1 262 60 1 86287724 115.70704 39.57862
3307 62048071 2 218  1 62174311 116.43628 40.03788
3308 34580342 1 225 60 1 54198497 115.92188 39.73378
3309 36270346 2 92  1 580749 116.68384 40.36131
3310 36354287 1 88 80 1 12530976 116.36601 39.83105
3311 36593934 2 90  1 314131 116.33886 39.78482
3312 46800182 1 189 50 1 631878 116.46067 39.86922
3313 30469118 1 81 50 1 72611429 115.70704 39.57862
3314 34580343 1 89 60 1 431355 115.95545 39.72228
3315 62360793 2 278  1 71230869 116.09738 39.91036
3316 36593935 22 351  1 20267140 116.16261 39.81141
3317 60944174 23 176  1 87728921 116.3876 39.87342
3318 36270347 2 269  1 580750 116.68433 40.3613
3319 30469119 1 212 30 1 54231585 115.7782 39.60567
3320 34580344 1 269 50 1 431355 115.95545 39.72228
3321 62048075 1 230 40 1 72495463 115.90938 40.36382
3322 46800183 1 90 60 1 87728971 116.45801 39.87138
3323 62360794 2 55  1 16461538 116.10684 39.887
3324 32918632 8 88  1 30005363 116.49412 39.91553
3325 36270349 2 90  1 70620610 116.69723 40.16983
3326 31167311 1 317 50 1 54198320 115.96664 39.75414
3327 62254943 2 142  1 416794 116.52556 39.79221
3328 34580345 1 329 60 1 437499 115.96954 39.7231
3329 62048082 2 79  1 72496004 116.62316 39.66147
3330 32918633 8 272  1 632700 116.47442 39.91581
3331 36590267 2 89  1 70588696 116.2826428 39.5482849
3332 32919613 8 20  1 41575452 116.36612 39.8213
3333 36593937 2 172  1 86750687 116.2925 39.68762
3334 30469121 1 148 50 1 14655720 115.81199 39.58724
3335 62048083 2 160  1 86672473 116.62324 39.66187
3336 34580346 1 2 50 1 422141 115.96118 39.72118
3337 46800184 1 270 60 1 87728969 116.45801 39.87148
3338 36270352 2 86  1 71369252 116.81886 40.17033
3339 60944176 23 268  1 549416 116.40819 39.87216
3340 32918634 1 93 50 1 630741 116.47487 39.91579
3341 35408251 1 126 50 1 70620085 117.49906 40.55128
3342 36354289 2 345  1 71501217 116.27613 39.76081
3343 62060798 22 93  1 49107322 116.50006 39.90772
3344 36362317 2 89  1 70763732 116.25794 40.2134
3345 30469122 1 332 50 1 14655721 115.81199 39.58724
3346 36593938 2 352  1 86750715 116.2927 39.68715
3347 60944177 23 88  1 49045980 116.40806 39.872
3348 34543317 1 135 50 1 54231206 115.74706 39.53721
3349 32918635 8 272  1 630741 116.47758 39.91563
3350 36270353 2 268  1 414399 116.81952 40.17048
3351 62060799 23 271  1 557993 116.53825 39.9095
3352 46800186 1 180 50 1 87728973 116.46088 39.87603
3353 36593939 2 354  1 86750674 116.29421 39.67609
3354 36354290 2 165  1 41719752 116.27673 39.75781
3355 62360797 1 324 60 1 20211700 116.09968 39.90509
3356 32918636 8 272  1 590795 116.47813 39.91561
3357 60982127 22 175  1 86387195 116.69239 40.35274
3358 30469124 1 342 50 1 62593445 115.81276 39.58512
3359 36270354 2 294  1 390438 116.62403 40.29946
3360 60944178 23 0  1 32093028 116.42132 39.87543
3361 36593940 2 174  1 86750726 116.29447 39.67239
3362 36354291 1 180 40 1 9000000091247 116.26086 39.76138
3363 30469125 1 62 70 1 14655973 116.08825 39.66382
3364 36270355 2 227  1 49796676 116.64786 40.34871
3365 32941705 8 88  1 369271 116.34688 39.92327
3366 46800187 1 0 80 1 87880960 116.46122 39.87637
3367 36593942 2 355  1 41575631 116.34021 39.763
3368 32918638 8 272  1 590795 116.47872 39.91558
3369 46795121 1 206 50 1 87704335 117.3199 40.28902
3370 60944179 23 174  1 32093027 116.42108 39.87537
3371 36354292 2 161  1 71760051 116.30319 39.79796
3372 36270358 2 264  1 14640910 116.83011 40.36815
3373 46800188 1 0 40 1 87728979 116.46135 39.87635
3374 30469126 1 240 70 1 14655975 116.08825 39.66382
3375 34765232 8 153  1 613550 116.41983 39.88628
3376 62060802 7 272  1 49107490 116.59698 39.9093
3377 46800189 1 0 40 1 619698 116.46148 39.88153
3378 36270359 2 89  1 71369405 116.67316 40.17063
3379 36665250 22 179  3 625582 116.43225 39.90653
3380 36593944 2 71  1 61200209 116.43915 39.67964
3381 30469127 1 141 40 1 14656050 116.05489 39.73859
3382 36354294 2 180  1 57339034 116.33215 39.75596
3383 36593945 2 5  1 40385123 116.45677 39.68489
3384 46800191 1 180 80 1 87728983 116.46113 39.88158
3385 36284456 2 272  1 278722 116.64528 40.31381
3386 60944181 23 87  1 627274 116.42189 39.87121
3387 36270360 2 34  1 17257344 116.62727 40.30694
3388 40687108 23 187  1 12634700 116.48951 39.87657
3389 62367470 2 275  1 361238 116.01363 39.50207
3390 30469128 1 323 40 1 9000001361779 116.05489 39.73859
3391 62360800 2 48  1 87409247 116.1084 39.88813
3392 36593946 2 154  1 18667447 116.48231 39.69375
3393 46800192 1 271 70 1 41664919 116.4584 39.88449
3394 36354295 2 92  1 14594305 116.31676 39.77304
3395 36270361 2 175  1 19607751 116.63057 40.31553
3396 60944182 23 5  1 550828 116.43963 39.87339
3397 34580352 6 90  1 88032385 117.07864 40.14527
3398 62060803 7 281  1 20255392 116.58331 39.91015
3399 46800194 1 1 40 1 619678 116.46166 39.88975
3400 36593947 2 334  1 18667316 116.48239 39.69351
3401 30469130 6 58  1 9000001262538 116.03862 39.61752
3402 32918641 1 270 50 1 625139 116.48468 39.91546
3403 60944183 23 183  1 550824 116.43954 39.87335
3404 34580355 5 359  1 533789 117.11909 40.14228
3405 36270362 2 180  1 15086340 116.63049 40.32433
3406 62360801 2 191  1 16461520 116.10589 39.88614
3407 36593948 2 266  1 71759711 116.42005 39.68566
3408 30469131 1 340 50 1 14656155 116.05564 39.70801
3409 46800195 1 180 50 1 87728997 116.46106 39.8896
3410 34580357 1 184 60 1 522986 117.12371 40.12946
3411 32918642 1 90 50 1 625139 116.48468 39.91546
3412 34580275 8 270  1 12514233 116.51608 39.90791
3413 36354297 2 357  1 313526 116.32747 39.76971
3414 62360802 2 52  1 87409273 116.10458 39.88801
3415 36593949 2 175  1 70042526 116.42016 39.68225
3416 30469132 1 159 50 1 9000000125825 116.05564 39.70801
3417 46800196 1 352 80 1 636789 116.4443 39.89368
3418 60944184 23 268  1 87729014 116.44136 39.88453
3419 36354298 2 90  1 14594272 116.33974 39.76682
3420 34580358 1 224 50 1 86750332 117.12224 40.12712
3421 36270365 2 2  1 568917 116.68426 40.34259
3422 32918653 1 180 60 1 573407 116.68415 40.35377
3423 36593950 2 266  1 69904037 116.41022 39.68493
3424 36276429 2 357  1 615551 116.41244 39.89243
3425 62360803 2 145  1 87409222 116.10983 39.88974
3426 36270366 2 273  1 70620611 116.64141 40.17103
3427 62060806 23 90  1 87915750 116.50311 39.90791
3428 30469133 1 41 60 1 18783849 116.12246 39.70482
3429 46800197 1 175 80 1 70610195 116.44413 39.8934
3430 34580359 6 324  1 61584998 117.10899 40.10264
3431 36354300 2 353  1 17632160 116.29724 39.82494
3432 60944185 23 89  1 633988 116.44143 39.88435
3433 62060807 22 89  1 545901 116.55513 39.9089
3434 35135269 1 176 100 1 12666226 116.54308 39.92333
3435 32918654 1 0 60 1 573408 116.68425 40.35377
3436 30469134 1 221 60 1 14656222 116.12246 39.70482
3437 36270367 2 88  1 71369262 116.79998 40.16998
3438 62360804 2 323  1 18056681 116.11019 39.88925
3439 46800198 1 351 80 1 87729012 116.44595 39.8812
3440 36593954 2 345  1 212947 116.40581 39.71625
3441 36270368 2 179  1 71369258 116.81263 40.17051
3442 62060808 8 270  1 12514242 116.56525 39.90954
3443 36354303 2 176  1 61207540 116.33123 39.76699
3444 30469135 1 277 80 1 9000001248232 116.1078 39.68362
3445 34580360 6 144  1 14770297 117.10886 40.10256
3446 62360805 2 129  1 87409269 116.10455 39.88818
3447 36270370 2 107  1 60924331 116.62366 40.29949
3448 60695151 1 285 40 1 87818824 116.12004 39.92612
3449 36354305 2 92  1 71114220 116.33135 39.76333
3450 60944187 23 270  1 87729070 116.43803 39.89378
3451 62064267 1 81 60 1 42467837 116.05025 39.9769
3452 30469136 1 97 80 1 14656244 116.10779 39.6835
3453 32918656 1 90 50 1 9000000101982 116.67248 40.3474
3454 36354306 2 94  1 345924 116.33036 39.77696
3455 30930443 1 103 70 1 469948 116.71125 39.91775
3456 62360806 2 239  1 87409311 116.11034 39.88977
3457 46800199 1 171 80 1 620669 116.44582 39.88105
3458 34580373 1 279 60 1 9000000115195 116.46221 40.35918
3459 36270371 2 351  1 15086413 116.63112 40.31175
3460 62064268 2 262  1 72810204 116.10007 39.94393
3461 36677546 2 319  1 14641266 116.81609 40.34654
3462 60944188 23 90  1 87729072 116.43817 39.89365
3463 36354307 2 91  1 340771 116.32729 39.76986
3464 30469139 1 249 70 1 14656296 116.02666 39.59973
3465 46800200 1 270 70 1 87729013 116.4414 39.88453
3466 32918657 1 13 100 1 88740108 116.64854 40.34872
3467 36270372 2 10  1 15086382 116.63067 40.31598
3468 62360807 2 233  1 87409237 116.10885 39.88867
3469 62064269 1 260 60 1 72810204 116.10234 39.94427
3470 34580374 1 91 60 1 9000000115195 116.46216 40.35919
3471 30442222 1 0 80 1 14770651 116.48995 39.91528
3472 36593956 2 90  1 18667075 116.40406 39.70705
3473 60944189 23 271  1 87729059 116.45893 39.89358
3474 32918658 1 193 100 1 88740103 116.64839 40.34876
3475 30469140 1 197 40 1 14656300 116.01721 39.59309
3476 36354308 2 270  1 32394913 116.30975 39.76338
3477 34580375 1 275 60 1 18063981 116.50105 40.41271
3478 46800203 1 265 70 1 87729017 116.39039 39.88981
3479 62360808 2 235  1 87409218 116.10884 39.89126
3480 36270373 2 273  1 60921878 116.63087 40.31585
3481 36418239 7 328  1 574770 116.43421 39.93597
3482 40566390 1 90 80 1 12514219 116.22285 39.89684
3483 62064270 1 81 50 1 72810205 116.10236 39.9442
3484 32918659 1 166 100 1 49859619 116.649 40.34298
3485 36593957 2 180  1 18667083 116.40424 39.70457
3486 36354309 2 87  1 86033058 116.32187 39.76334
3487 32919691 1 249 60 1 28216424 115.99883 40.5269
3488 34580376 1 95 60 1 18063981 116.50105 40.41271
3489 36277345 5 177  1 9000000095659 116.3487 39.74168
3490 32918661 1 87 60 1 61870505 116.22775 40.2203
3491 62064271 2 82  1 72810213 116.10706 39.94489
3492 46800204 1 85 70 1 87729020 116.39041 39.88969
3493 36354311 2 182  1 84962198 116.3115 39.7532
3494 60944190 23 90  1 87729061 116.45901 39.89337
3495 36270376 2 131  1 70618129 116.65979 40.36078
3496 36593958 2 269  1 32114605 116.39885 39.70979
3497 30469141 1 17 40 1 14656301 116.01731 39.59305
3498 62357467 2 271  1 71114312 116.48725 39.76481
3499 36354313 2 182  1 340787 116.31521 39.75309
3500 35408291 23 91  1 14190319 116.35962 39.96752
3501 32918662 1 358 30 1 574022 116.23388 40.21325
3502 62360810 2 242  1 286559 116.23228 39.84972
3503 46800207 1 344 60 1 87729028 116.43652 39.90104
3504 62140917 2 184  1 62008783 116.88371 40.10739
3505 36593959 2 270  1 61646402 116.33927 39.7849
3506 46800208 1 162 80 1 87729029 116.43634 39.90086
3507 60944191 23 180  1 57862191 116.46125 39.88781
3508 36354315 2 270  1 340775 116.32766 39.77004
3509 32918663 1 358 50 1 389028 116.11889 40.20965
3510 30469142 1 182 40 1 9000000128078 116.0159 39.58861
3511 34580377 1 262 50 1 41624662 116.57954 40.27914
3512 62140918 2 206  1 86928375 116.81507 40.11813
3513 62360811 2 52  1 87409239 116.10971 39.88916
3514 36354332 2 149  1 30415303 116.24636 40.068
3515 32918664 1 169 70 1 9000000080941 116.12021 40.18956
3516 36270380 2 210  1 19938048 116.62393 40.29976
3517 46800209 1 357 70 1 87729039 116.42121 39.87836
3518 30469143 1 2 50 1 14656305 116.016 39.5886
3519 36354316 2 0  1 71114276 116.33526 39.76952
3520 36593960 22 79  1 20267473 116.16257 39.8103
3521 62140919 2 93  1 50040444 116.73006 40.20434
3522 34580378 1 82 50 1 41624662 116.57954 40.27914
3523 36284460 2 6  1 49963902 116.75916 40.10087
3524 62360812 2 56  1 87409219 116.10863 39.89112
3525 46800210 1 178 70 1 32093039 116.42094 39.8782
3526 60944192 23 180  1 87728984 116.46113 39.88155
3527 34580380 1 6 50 1 320787 116.75568 40.38274
3528 36354317 2 90  1 326670 116.32718 39.76677
3529 30469144 1 57 50 1 14656334 116.06351 39.63242
3530 36593961 2 168  1 71372292 116.28851 39.71293
3531 36270381 2 88  1 292745 116.63166 40.3086
3532 34580381 1 186 50 1 320787 116.75568 40.38273
3533 32918673 1 82 40 1 41763343 116.13605 39.8885
3534 61998008 2 357  1 72264260 116.47306 40.01113
3535 62360813 2 289  1 16461552 116.10484 39.888
3536 46800213 1 1 40 1 616634 116.46177 39.89682
3537 36593962 2 347  1 86750600 116.28881 39.71227
3538 36354318 2 1  1 30415863 116.32226 39.76655
3539 62140921 2 275  1 86387322 116.645 40.34143
3540 62020996 2 270  1 87570578 116.68497 40.1326
3541 60944194 23 90  1 634249 116.45942 39.87617
3542 34580382 6 271  1 312141 116.84622 40.38886
3543 32918674 15 270  1 20420722 116.15552 39.88879
3544 36593963 2 172  1 86750678 116.2934 39.68108
3545 46800214 1 180 50 1 39862327 116.46125 39.89692
3546 34765237 7 271  1 40900697 116.3847 39.85717
3547 60944195 23 270  1 87728970 116.45797 39.87148
3548 34580383 6 90  1 318036 116.84621 40.38864
3549 46800215 1 90 70 1 87729073 116.43812 39.89365
3550 36593964 2 352  1 86750722 116.29364 39.68036
3551 60944196 23 89  1 87728972 116.45806 39.87138
3552 62140922 1 38 60 1 574953 116.64578 40.34646
3553 32919601 1 269 60 1 17310614 116.29407 39.83081
3554 36354320 2 88  1 339301 116.30862 39.83029
3555 36270382 2 183  1 71369263 116.80028 40.17015
3556 62360815 1 144 60 1 20211698 116.0996 39.90505
3557 36593965 2 353  1 86750670 116.29466 39.67197
3558 34580384 1 304 40 1 14640885 116.81187 40.38577
3559 32919603 1 90 80 1 12530978 116.32569 39.8305
3560 62140923 2 272  1 408177 116.75088 40.19644
3561 46800216 1 270 70 1 87729071 116.43809 39.89378
3562 36354321 2 165  1 71501222 116.2754 39.7626
3563 36270383 2 89  1 71369254 116.81234 40.17008
3564 60944197 23 189  1 631878 116.46068 39.86927
3565 32919604 1 357 40 1 32394848 116.34555 39.80904
3566 30469148 1 97 30 1 14656366 116.88593 40.74105
3567 36593966 2 250  1 325994 116.28967 39.80681
3568 34580385 1 124 50 1 14640885 116.81187 40.38577
3569 62140924 2 6  1 9000001272142 116.78474 40.22164
3570 36270386 2 0  1 15086359 116.63062 40.32114
3571 35166220 1 244 80 1 12644775 116.26466 39.86886
3572 36593967 2 91  1 71372808 116.43617 39.74142
3573 30469149 1 187 40 1 14656478 117.16315 40.69545
3574 35166224 6 316  1 88712675 116.91787 39.67209
3575 62360816 2 352  1 87409304 116.10601 39.88563
3576 34580388 6 304  1 14640885 116.81186 40.38577
3577 60944198 23 182  1 625994 116.46088 39.86926
3578 32919605 1 357 80 1 12530967 116.3454 39.80898
3579 36270388 2 333  1 85661740 116.6604 40.36028
3580 30469150 1 238 50 1 14753060 117.13785 40.54385
3581 62140925 2 0  1 61078573 116.84878 40.39529
3582 46800221 1 356 80 1 87729121 116.43495 39.91522
3583 36354322 2 87  1 18702288 116.2779 39.7521
3584 36593968 2 247  1 61348549 116.45695 39.68511
3585 62360817 2 319  1 87409222 116.10884 39.89108
3586 30469151 1 57 40 1 14753059 117.13784 40.54385
3587 60944199 23 5  1 40900727 116.46106 39.86924
3588 36270389 2 158  1 543817 116.64823 40.23433
3589 34580389 6 124  1 14640885 116.81187 40.38577
3590 32919606 1 176 80 1 88052489 116.34528 39.80846
3591 30469154 1 201 30 1 366822 117.18274 40.44755
3592 46800222 1 178 80 1 87729123 116.43482 39.91524
3593 36593969 2 67  1 61200205 116.46673 39.68905
3594 62140926 2 351  1 70620769 116.76506 40.19798
3595 62360818 2 233  1 16461503 116.10481 39.88819
3596 60944200 23 7  1 30016142 116.46126 39.86921
3597 32919607 1 177 40 1 327448 116.34516 39.80842
3598 36354324 2 270  1 577011 116.42172 40.07947
3599 34580391 1 50 40 1 340586 116.79675 40.35584
3600 46800223 1 357 50 1 87729125 116.43514 39.91524
3601 62140927 2 62  1 395836 116.76486 40.19805
3602 30469155 1 92 50 1 32246224 117.16839 40.51191
3603 36593970 2 270  1 40005734 116.42125 39.67537
3604 62016144 2 268  1 86755688 116.41585 39.61686
