5407 36362171 2 90  1 41679628 116.67115 39.89237
5408 60988115 18 169  1 636865 116.44583 39.88099
5409 62242231 1 7 40 1 676189 116.3801 39.96355
5410 34777220 1 298 70 1 14593785 116.67924 39.65716
5411 36362172 2 90  1 19904142 116.67529 39.89238
5412 36677574 2 71  1 321424 116.84454 40.35915
5413 36255062 1 301 40 1 71712664 115.42685 39.72751
5414 32931611 8 353  1 42237726 116.29657 39.94188
5415 60988116 18 273  1 619137 116.42754 39.87131
5416 30842079 1 251 60 1 14190651 116.22728 40.04261
5417 36281923 2 359  1 530774 117.11127 40.15353
5418 34777221 1 118 70 1 230611 116.67919 39.65704
5419 36362182 2 180  1 516749 116.63525 39.87846
5420 62242232 2 47  1 662771 116.47914 39.97179
5421 46882111 1 252 80 1 87767228 116.31196 39.96373
5422 32931612 8 174  1 70040556 116.29551 39.94187
5423 36362173 6 135  1 49993209 116.69308 39.89979
5424 30842080 1 72 60 1 14190654 116.22742 40.04253
5425 36677575 2 71  1 61078356 116.84871 40.36067
5426 46882112 1 71 80 1 87767231 116.31203 39.96359
5427 34777222 1 283 50 1 9000001287373 116.68682 39.61687
5428 32931613 8 174  1 427536 116.29583 39.9389
5429 62242233 2 123  1 40416718 116.47899 39.97217
5430 36281924 2 269  1 538361 117.11174 40.1503
5431 36362174 2 9  1 61800853 116.70914 39.88701
5432 36677576 2 149  1 61078837 116.81594 40.34674
5433 34777223 1 103 50 1 9000001287373 116.68682 39.61687
5434 36273937 8 176  1 88072281 116.29634 39.93201
5435 46882114 1 336 70 1 15778585 116.321 39.96797
5436 60988118 1 263 70 1 42259520 116.33011 39.66758
5437 36419317 2 340  1 19258292 116.31296 40.06728
5438 36677577 1 118 60 1 87233723 116.81893 40.38168
5439 34777224 1 92 50 1 256558 116.61659 39.61446
5440 35283220 1 177 80 1 404711 116.35562 39.93563
5441 62140936 1 272 40 1 15254862 116.89248 40.08538
5442 36281925 2 355  1 532391 117.12319 40.14597
5443 30842081 1 203 70 1 438097 116.51687 39.77364
5444 46882115 1 159 70 1 369746 116.32056 39.96841
5445 36362175 2 197  1 70619153 116.66116 39.86377
5446 62242238 2 137  1 60435107 116.53863 40.07498
5447 60988119 1 83 70 1 42259522 116.33011 39.66745
5448 34777225 1 272 50 1 256558 116.61659 39.61446
5449 36677578 2 147  1 61078390 116.84977 40.36542
5450 46882116 1 358 40 1 87767236 116.3255 39.96927
5451 60988128 1 89 60 1 70763804 116.27161 40.22184
5452 30842082 1 317 70 1 14131203 116.55949 39.78891
5453 32931616 8 109  1 393765 116.30012 39.94571
5454 36362177 22 96  1 538059 116.65899 39.90059
5455 34777226 1 40 50 1 14444567 116.61629 39.61511
5456 36281927 2 293  1 41719982 117.10472 40.12219
5457 36677579 1 70 60 1 321424 116.8437 40.35886
5458 62242239 2 265  1 40385177 116.59959 40.14403
5459 32931617 8 109  1 70040540 116.30403 39.94436
5460 30843034 1 213 50 1 54288781 116.59819 39.57753
5461 34777227 1 220 70 1 14444567 116.61629 39.61511
5462 36677580 2 251  1 61078359 116.84931 40.36104
5463 46882117 1 179 40 1 87767237 116.3255 39.96927
5464 60988129 1 270 60 1 1529103 116.27162 40.22191
5465 60988130 22 189  1 30419766 116.55787 40.0831
5466 36285078 2 324  1 14760718 116.67995 40.41616
5467 36362178 2 194  1 71372194 116.73564 39.90347
5468 36677581 2 144  1 71369227 116.87605 40.37598
5469 34838216 1 270 50 1 18903833 116.85013 39.9055
5470 62242241 2 87  1 694172 116.32531 40.03555
5471 32931618 8 286  1 42237721 116.30491 39.94426
5472 34914210 1 351 80 1 16303211 116.93172 40.0439
5473 46882118 1 267 60 1 19613439 116.31378 39.94565
5474 36281930 2 270  1 70620016 117.11217 40.14573
5475 60988131 23 357  1 17168554 116.37459 40.02
5476 30843036 1 267 40 1 86666436 116.60437 39.57724
5477 36362179 2 68  1 49993716 116.68578 39.88283
5478 34838217 1 90 50 1 18903833 116.85013 39.9055
5479 32931619 8 266  1 71230524 116.28762 39.95743
5480 36677582 2 0  1 18667740 116.80192 40.35355
5481 46882119 1 88 60 1 87767240 116.31378 39.94552
5482 60988132 23 176  1 14226708 116.37441 40.01989
5483 30843037 1 86 40 1 323528 116.60437 39.57714
5484 36362180 6 270  1 32265396 116.67116 39.89244
5485 36281931 2 179  1 532242 117.1229 40.15355
5486 46882121 1 352 70 1 395679 116.32506 39.94465
5487 32931620 8 338  1 403378 116.29604 39.95701
5488 34912221 1 297 50 1 18863636 116.97882 39.77569
5489 30843039 1 119 40 1 54282413 115.99137 39.7476
5490 36677583 2 270  1 334207 116.8266 40.37509
5491 60988133 23 143  1 87767843 116.35754 40.01773
5492 36281932 2 178  1 529290 117.11142 40.14586
5493 36362181 2 196  1 50061954 116.66679 39.88299
5494 32931621 8 80  1 407894 116.3003 39.95935
5495 34912222 1 117 50 1 18863636 116.97882 39.77569
5496 30843040 1 354 60 1 86075041 116.72738 39.59365
5497 32931622 8 71  1 407904 116.30373 39.96019
5498 36281933 2 269  1 374146 117.18669 40.14584
5499 34912223 1 37 50 1 246753 116.9889 39.82394
5500 60988134 23 140  1 26141659 116.35765 40.01781
5501 36677584 1 166 70 1 14594561 116.83982 40.46966
5502 34543383 8 302  1 507493 116.32407 39.8509
5503 62242243 2 140  1 61017655 116.33011 40.04451
5504 36362183 2 287  1 60395028 116.65655 39.89084
5505 47004270 1 343 40 1 85661985 116.67751 40.57303
5506 30843041 1 174 60 1 86075040 116.72722 39.59365
5507 36677585 2 243  1 61078347 116.86401 40.36745
5508 46882122 1 267 40 1 87767246 116.32573 39.95166
5509 36281934 2 358  1 9000001252081 117.08939 40.13663
5510 32931623 8 153  1 70040415 116.29257 39.96159
5511 36677586 2 202  1 61078345 116.84507 40.35969
5512 34914211 1 171 80 1 16303208 116.93159 40.04385
5513 62242244 2 91  1 60923748 116.60626 40.11768
5514 36362184 5 179  1 524328 116.66155 39.90355
5515 30843042 1 350 40 1 382397 116.10489 40.03126
5516 32943660 8 359  1 12644738 116.34601 39.83684
5517 60988135 23 322  1 60923580 116.35775 40.01805
5518 36281935 2 357  1 521391 117.11886 40.14943
5519 46882123 1 87 40 1 20465468 116.32573 39.95166
5520 36677587 2 248  1 32246259 116.86536 40.37128
5521 31166195 1 208 60 1 26171536 116.33335 39.71284
5522 30843043 1 170 40 1 382397 116.10489 40.03126
5523 32944004 1 173 60 1 366060 116.86218 40.16271
5524 34942209 1 329 50 1 335647 116.32953 39.46816
5525 36281936 2 1  1 15758514 117.12385 40.13372
5526 62242245 2 355  1 15253361 116.55168 40.10107
5527 36362185 2 270  1 30016660 116.67542 39.89244
5528 60988136 23 323  1 692572 116.3579 40.01811
5529 36677588 2 270  1 41664803 116.84704 40.38372
5530 30843048 1 266 50 1 14165577 116.31167 39.8875
5531 46882124 1 269 70 1 87767263 116.34137 39.92325
5532 31166196 1 28 60 1 26171536 116.33335 39.71284
5533 62242246 2 262  1 793111 116.53157 40.09845
5534 46882125 1 90 70 1 87767261 116.3412 39.9231
5535 36281937 2 270  1 54318765 117.11132 40.16629
5536 36362186 2 180  1 516752 116.63519 39.87611
5537 60988137 23 357  1 87767811 116.35188 40.02118
5538 32941750 8 0  1 16589795 116.37017 39.96994
5539 34942210 1 149 50 1 335647 116.32953 39.46816
5540 36315184 1 250 40 1 382430 116.10208 40.00291
5541 62242247 2 317  1 30419771 116.53931 40.07446
5542 34535497 1 359 60 1 85661671 116.63043 40.35396
5543 32931625 8 289  1 49044735 116.25098 39.92656
5544 36362187 2 0  1 9000000102197 116.63531 39.87595
5545 30843049 1 85 50 1 17533880 116.31168 39.88738
5546 34942213 1 282 50 1 336645 116.3353 39.46297
5547 36281938 2 270  1 9000000102702 117.08953 40.13426
5548 60988138 23 180  1 87767810 116.35172 40.02104
5549 46882126 1 180 70 1 87767267 116.35351 39.96748
5550 32931626 8 109  1 407075 116.25096 39.92645
5551 62242248 2 11  1 41917928 116.55935 40.09138
5552 30843050 1 270 40 1 15254286 116.3125 39.88891
5553 47004271 1 226 60 1 85661993 116.65571 40.64897
5554 36362188 22 169  1 55061361 116.64378 39.90611
5555 36281939 2 182  1 61584838 117.18653 40.146
5556 62242249 1 2 60 1 805804 116.61699 40.13388
5557 30843051 1 90 40 1 15254289 116.3125 39.88881
5558 32931627 8 359  1 395573 116.25303 39.93117
5559 34942214 1 102 50 1 336645 116.3353 39.46297
5560 36729405 2 32  1 28216339 116.64623 40.30118
5561 36362189 2 67  1 70610552 116.69064 39.91494
5562 46882128 1 173 70 1 70526043 116.33436 39.96479
5563 32931628 8 180  1 403356 116.25277 39.93128
5564 30843052 1 125 40 1 453813 116.3238 39.8507
5565 36729406 1 90 60 1 86387357 116.64667 40.33529
5566 62242250 2 273  1 61200770 116.55368 40.14669
5567 46882129 8 354  1 87767270 116.33455 39.96478
5568 36362190 2 187  1 524352 116.64958 39.90135
5569 36327439 2 269  1 406521 116.36723 39.72216
5570 36281941 2 359  1 86592569 117.12307 40.15057
5571 36729407 1 270 50 1 86387354 116.64664 40.33536
5572 62242251 2 188  1 15253428 116.55834 40.08625
5573 46882130 1 270 50 1 410645 116.34492 39.96784
5574 34593282 1 164 70 1 71501221 116.2739 39.76804
5575 36362191 2 17  1 61801032 116.6611 39.86308
5576 36729593 2 78  1 85709172 116.75984 40.06497
5577 34942217 1 274 50 1 336209 116.34846 39.46074
5578 32919728 1 266 40 1 332599 115.59809 39.63082
5579 36281942 2 270  1 86830515 117.13283 40.15045
5580 36729595 1 8 70 1 377088 116.66107 40.06937
5581 36362192 2 38  1 61041036 116.63467 39.8679
5582 34942218 1 94 50 1 336209 116.34847 39.46074
5583 46882131 1 270 80 1 87767279 116.34496 39.96771
5584 32931630 8 270  1 70040483 116.29339 39.93235
5585 32931624 8 161  1 42237362 116.28696 39.9699
5586 36729596 2 92  1 71369356 116.74758 40.21212
5587 60988141 22 264  1 758762 116.59303 40.04879
5588 30843054 1 89 80 1 507472 116.34053 39.84887
5589 62242252 2 91  1 29941927 116.29191 40.03382
5590 32931632 8 91  1 15778490 116.30447 39.9323
5591 36281943 2 89  1 86592298 117.11147 40.15819
5592 36362193 2 343  1 16285493 116.73623 39.91452
5593 36729597 2 283  1 477966 116.9858 40.14483
5594 34942219 1 285 50 1 30415833 116.36593 39.45976
5595 32944006 1 355 60 1 71369756 116.70587 40.06464
5596 30843055 1 89 50 1 458234 116.34056 39.84871
5597 34543385 8 269  1 449185 116.32416 39.86821
5598 36281944 2 90  1 374137 117.14574 40.16623
5599 60988142 22 84  1 758762 116.59303 40.04879
5600 62242253 2 9  1 824612 116.55844 40.08578
5601 46882135 1 173 70 1 87767288 116.37026 39.96601
5602 30843056 1 191 50 1 62237698 116.34655 39.85312
5603 34942220 1 105 50 1 30415833 116.36589 39.45977
5604 34963213 1 94 40 1 9000000361660 116.00402 39.50262
5605 36362194 2 94  1 32246769 116.64449 39.90142
5606 62242254 1 183 60 1 41535677 116.61685 40.13387
5607 36729599 2 96  1 62338151 116.90337 40.20005
5608 30843058 7 189  1 465220 116.34902 39.87514
5609 32931634 8 91  1 88072404 116.28948 39.92402
5610 60944242 22 93  1 9000000111750 116.34312 39.72218
5611 36362195 2 176  1 16285244 116.64267 39.9133
5612 46882136 1 355 70 1 87767286 116.37044 39.96581
5613 60988143 23 356  1 695185 116.31778 40.01672
5614 36729600 2 276  1 88702788 116.90362 40.20003
5615 36281945 2 90  1 86750155 117.1236 40.1457
5616 30843060 1 269 40 1 70620346 116.35118 39.8777
5617 62314949 2 180  1 26146303 116.37091 39.78053
5618 32933862 8 92  1 559938 116.54467 39.91597
5619 36308407 1 1 70 1 548143 116.66015 40.19424
5620 34942228 1 68 50 1 62174802 116.44901 39.45379
5621 46882137 15 321  1 87767313 116.30681 39.97002
5622 36362196 2 147  1 536587 116.63851 39.90236
5623 36281946 2 89  1 374143 117.18667 40.14572
5624 32933864 8 98  1 88072423 116.29387 39.94761
5625 34942229 1 118 50 1 14531445 116.30536 39.49243
5626 46882138 1 180 80 1 87767326 116.31007 39.92809
5627 60988144 23 326  1 87767880 116.31749 40.01668
5628 32933865 8 88  1 427532 116.26178 39.94671
5629 36281947 2 89  1 70620013 117.11889 40.14571
5630 36362198 2 89  1 70564686 116.65074 39.86338
5631 30843062 1 178 50 1 505394 116.3486 39.88259
5632 34942230 1 298 50 1 14531445 116.30536 39.49243
5633 46882139 1 0 80 1 87767328 116.31022 39.92813
5634 34543386 8 207  1 62269840 116.37238 39.86087
5635 32993776 1 112 40 1 85206413 115.98378 40.35058
5636 32933866 8 354  1 87767270 116.3346 39.96428
5637 30843063 1 180 50 1 463254 116.3485 39.8857
5638 36729606 2 112  1 405809 116.93112 40.20114
5639 62242292 1 266 60 1 20232368 116.58659 40.23944
5640 36281948 2 267  1 530837 117.10538 40.14561
5641 32993656 8 77  1 71778022 116.69492 39.88604
5642 34942231 1 292 50 1 14531468 116.2705 39.50581
5643 36362199 2 269  1 16285638 116.63546 39.87342
5644 60988145 23 146  1 87767879 116.31737 40.01652
5645 34942232 1 112 50 1 14531468 116.2705 39.50581
5646 32933867 1 340 40 1 298615 116.99294 40.25866
5647 62242293 2 80  1 9000001264114 116.60177 40.29637
5648 30843064 1 266 70 1 14751607 116.63337 40.03434
5649 36729607 8 0  1 40194892 116.65995 40.16402
5650 46882140 1 0 50 1 87767331 116.31042 39.92814
5651 36281949 2 90  1 529239 117.08849 40.13426
5652 36730332 2 285  1 86319115 117.12629 40.53755
5653 34942234 6 180  1 453986 116.32592 39.52098
5654 36362200 2 265  1 16285647 116.63915 39.87343
5655 46882141 1 270 40 1 87767332 116.31359 39.9281
5656 30843065 1 86 70 1 14751609 116.63338 40.03428
5657 32933868 1 160 40 1 298615 116.99294 40.25866
5658 36730333 2 204  1 86319187 117.12592 40.53793
5659 36680598 7 232  1 366566 116.36555 39.94666
5660 36281950 2 179  1 61585048 117.08927 40.13414
5661 61087029 8 74  1 12644699 116.35406 39.85188
5662 36362201 5 279  1 467860 116.65885 39.90194
5663 30843066 1 81 40 1 12651006 116.76983 39.58968
5664 60988147 23 170  1 12512144 116.28761 40.01109
5665 34942235 1 185 40 1 452365 116.32399 39.50972
5666 62242294 1 186 50 1 1527586 116.27445 40.20966
5667 36730334 1 271 50 1 86318883 117.1309 40.65009
5668 46882142 1 180 80 1 87767334 116.31007 39.93527
5669 32933869 6 24  1 61078320 116.83374 40.35497
5670 36281951 2 89  1 41535463 117.119 40.14031
5671 36730335 1 91 50 1 86318883 117.1309 40.65009
5672 62242295 2 178  1 16461172 116.27299 40.18904
5673 46882143 1 0 80 1 87767336 116.31023 39.93522
5674 30843067 1 346 40 1 62600987 116.77604 39.58659
5675 32933870 6 204  1 14640916 116.83355 40.35499
5676 40728041 1 268 80 1 71113570 116.39822 39.96872
5677 36362202 2 0  1 522745 116.63538 39.87833
5678 36281952 2 271  1 529242 117.12301 40.16628
5679 30843068 1 87 60 1 86770854 116.60414 39.50847
5680 36730336 2 51  1 14656358 117.16095 40.58248
5681 60988149 22 90  1 284554 116.21648 39.89832
5682 32933871 1 270 50 1 86387435 116.72485 40.43038
5683 36362369 2 90  1 61973516 116.63978 40.09972
5684 34942236 1 7 40 1 452363 116.32408 39.5097
5685 36281953 2 270  1 86592537 117.11847 40.15037
5686 46882144 1 290 60 1 87767363 116.31478 39.94069
5687 36730348 2 294  1 422087 115.9727 39.71317
5688 62242297 2 50  1 60921668 116.60038 40.29482
5689 60988150 22 180  1 49095315 116.19201 39.90725
5690 36281954 2 270  1 86750152 117.12342 40.14577
5691 30843072 1 348 50 1 1753121 116.49756 40.19477
5692 36362203 2 178  1 61041046 116.74391 39.8574
5693 36729404 1 70 50 1 392891 116.7886 40.48547
5694 32933872 1 89 50 1 86387435 116.72475 40.43038
5695 46882145 1 89 70 1 87767383 116.35873 39.93233
5696 36458964 22 177  1 459135 116.37372 39.914
5697 62242298 2 354  1 88702443 116.27332 40.18818
5698 36281955 6 270  1 15758484 117.11424 40.14575
5699 36730350 2 111  1 422085 115.97426 39.71236
5700 34942238 1 89 50 1 70588667 116.25953 39.54773
5701 30843074 1 288 70 1 88743237 116.49687 40.17142
5702 46882148 1 69 80 1 40428886 116.36863 39.94767
5703 36362204 2 328  1 534819 116.63656 39.90566
5704 32933873 1 279 50 1 523199 116.99758 40.56509
5705 62242299 1 0 50 1 69595484 116.53115 40.23308
5706 36281956 2 221  1 9000001293530 117.13766 40.15402
5707 46923187 1 227 100 1 87913959 116.50269 40.00144
5708 30843075 1 26 60 1 18060873 116.81103 40.10975
5709 32933874 1 99 50 1 523199 116.99758 40.56509
5710 46882149 1 355 70 1 87767447 116.31689 39.9803
5711 60988152 1 87 80 1 13247915 116.38763 39.87109
5712 36730352 2 292  1 422088 115.97461 39.71235
5713 62242300 1 180 60 1 69595484 116.53115 40.23308
5714 36362206 2 282  1 16285845 116.69149 39.87088
5715 30843076 1 206 60 1 18060873 116.81101 40.10971
5716 46882150 1 180 70 1 87767449 116.31672 39.98027
5717 60988154 2 350  1 55123524 116.66163 40.08188
5718 32933875 1 302 50 1 14594616 116.87575 40.6019
5719 36362207 2 180  1 87824527 116.65085 39.87444
5720 30843077 1 69 80 1 407636 116.31687 39.96536
5721 46882151 1 355 60 1 87767451 116.30619 39.97754
5722 34942239 1 269 70 1 285983 116.39202 39.55618
5723 36281958 22 170  1 54376937 117.12339 40.14368
5724 46946214 1 90 70 1 87757950 116.42965 39.94099
5725 32935595 1 180 40 1 284486 116.18914 39.9095
5726 30843078 1 271 70 1 70526033 116.46707 39.90844
5727 36281959 2 182  1 1525149 117.14604 40.16993
5728 36458965 1 178 50 1 31909245 116.26509 40.03191
5729 30843079 1 90 70 1 616528 116.46704 39.90823
5730 46882152 1 175 60 1 87767454 116.30608 39.97749
5731 60988155 15 350  1 55123524 116.66163 40.08188
5732 34942240 1 89 50 1 86666509 116.39318 39.55621
5733 32935596 1 0 40 1 284486 116.18914 39.90951
5734 36362208 1 185 60 1 521151 116.65861 39.85293
5735 36281960 2 91  1 539669 117.096 40.13425
5736 32935599 8 270  1 295764 116.20738 39.90749
5737 36730357 2 294  1 54282521 115.97118 39.71384
5738 60988139 23 359  1 88044120 116.25731 40.00065
5739 30843081 1 178 40 1 12962295 116.39391 39.94559
5740 62253797 1 91 70 1 487070 116.63201 39.9269
5741 36281962 2 176  1 85623862 117.11191 40.13326
5742 36362209 2 37  1 16460422 116.65393 39.88793
5743 36362254 2 186  1 39047133 116.34617 39.72603
5744 60994094 22 84  1 50059497 116.23512 40.22061
5745 46882153 1 45 60 1 396738 116.29025 39.97944
5746 36730358 2 214  1 422096 115.9745 39.71245
5747 36281963 5 359  1 18815020 117.11906 40.14484
5748 36362210 2 118  1 30020995 116.22165 40.22139
5749 32935602 8 270  1 62101880 116.22562 39.90748
5750 62253798 5 351  1 578839 116.44424 39.95509
5751 30843084 1 90 70 1 88541935 116.30162 39.90748
5752 36362211 2 178  1 574021 116.23376 40.21306
5753 36730359 2 95  1 14614251 115.97758 39.76491
5754 36285434 2 2  1 988227 116.59995 40.23955
5755 36281964 2 269  1 86592333 117.11149 40.15826
5756 60994095 22 270  1 16489430 116.23588 40.22069
5757 62253799 1 183 40 1 619007 116.43682 39.91342
5758 34952227 8 115  1 30050393 116.45297 39.92152
5759 36362212 2 88  1 40428559 116.24427 40.21295
5760 46882154 1 224 60 1 438722 116.2897 39.97971
5761 32935604 8 308  1 283939 116.23205 39.89087
5762 62371753 2 140  1 14443706 116.46397 39.85837
5763 36281965 2 90  1 374902 117.1329 40.16624
5764 46882155 1 224 80 1 87767464 116.28986 39.9796
5765 30843085 1 270 70 1 442942 116.30161 39.90757
5766 62253800 1 0 50 1 619009 116.44107 39.91352
5767 60994096 1 93 60 1 585554 116.22555 40.19944
5768 46882156 1 135 80 1 87767473 116.28427 39.97433
5769 32919734 1 77 50 1 9000000129773 116.24498 39.56341
5770 36283637 2 85  1 344260 116.80338 40.06781
5771 62253801 5 267  1 700552 116.44759 39.9562
5772 30843086 1 2 70 1 456352 116.253 39.88545
5773 32935609 1 0 70 1 460151 116.29514 39.8995
5774 34952229 6 270  1 678100 116.45838 39.93387
5775 46882157 1 270 70 1 87767512 116.34784 39.98693
5776 40697114 1 344 80 1 12644709 116.27464 39.88518
5777 36730362 5 324  1 298508 115.96882 39.75411
5778 60994097 1 273 60 1 585551 116.22557 40.19954
5779 34952230 8 0  1 29880409 116.45046 39.93147
5780 30843087 1 0 50 1 69789987 116.25314 39.88549
5781 36281940 2 92  1 376881 117.16634 40.1457
5782 36362214 2 5  1 18062341 116.75668 40.16901
5783 36283638 2 71  1 85709171 116.76326 40.06613
5784 34952231 8 270  1 40040703 116.42462 39.93374
5785 36362215 2 192  1 55061408 116.21351 40.23467
5786 30843088 1 181 50 1 19284199 116.25267 39.88543
5787 60994098 1 89 60 1 588410 116.22834 40.22937
5788 36730373 18 91  1 490384 116.69568 39.92356
5789 62253803 1 87 50 1 87729173 116.44986 39.91339
5790 36362217 2 89  1 40428552 116.24033 40.2128
5791 46882158 1 270 80 1 87767515 116.34782 39.98678
5792 32935611 8 179  1 513417 116.25291 39.89974
5793 36283640 2 285  1 40385179 116.60895 40.14344
5794 34952232 8 252  1 685676 116.47566 39.95381
5795 36362218 2 179  1 583887 116.24465 40.21323
5796 62253804 1 181 70 1 488769 116.68452 39.95254
5797 62254979 2 322  1 455210 116.52346 39.79492
5798 30843089 1 0 60 1 444547 116.27433 39.89356
5799 32935612 8 359  1 512170 116.25304 39.90116
5800 36283642 2 192  1 50056588 116.14 40.13765
5801 46882159 1 90 80 1 87767519 116.34831 39.98661
5802 36730374 18 256  1 468418 116.74577 39.93049
5803 62253806 2 316  1 703299 116.25379 40.05481
5804 36362219 2 166  1 71369291 116.80397 40.20097
5805 30843090 1 180 40 1 444543 116.27374 39.89359
5806 32935613 8 180  1 513400 116.2529 39.90323
5807 36283643 2 162  1 16414298 116.13928 40.14608
5808 46882160 1 88 60 1 87767517 116.34805 39.98644
5809 34952234 6 179  1 358774 116.36968 39.9786
5810 36730375 1 270 100 1 490401 116.71026 39.92357
5811 62253807 1 91 70 1 479052 116.64299 39.92655
5812 40697115 1 164 80 1 12644708 116.27443 39.88514
5813 30843091 1 348 60 1 499103 116.27488 39.88522
5814 32935614 8 1  1 513413 116.25303 39.90453
5815 30928124 1 23 60 1 18865940 116.79071 40.03031
5816 36283644 2 231  1 18062864 116.57942 40.1279
5817 60994100 1 89 50 1 572549 116.22767 40.22413
5818 36362221 5 88  1 41917387 116.22709 40.21531
5819 30843092 1 164 40 1 444538 116.27422 39.88508
5820 34952235 6 0  1 363915 116.36968 39.98503
5821 46882161 1 180 50 1 87767557 116.35349 39.98333
5822 36565750 2 259  1 42259988 116.63838 39.65179
5823 30843093 1 0 70 1 88053181 116.29464 39.87058
5824 32935615 8 179  1 39862426 116.25284 39.90624
5825 36362222 2 268  1 41939365 116.24087 40.21294
5826 46882162 1 90 70 1 87767565 116.34092 39.98612
5827 32919735 1 34 50 1 9000000118359 116.25427 39.537
5828 36730377 2 160  1 487221 116.68576 39.92792
5829 36283645 2 269  1 788837 116.58812 40.11801
5830 62253809 2 81  1 757515 116.51668 40.00112
5831 34952236 8 352  1 70040401 116.31531 39.99763
5832 30843094 1 326 60 1 460827 116.28155 39.86972
5833 46882163 1 267 70 1 87767566 116.34044 39.98664
5834 62254949 9 115  1 438231 116.52027 39.77253
5835 36362223 2 90  1 9000001340237 116.76675 40.38795
5836 32935616 8 358  1 39862439 116.25302 39.90886
5837 34952238 8 173  1 87767222 116.32271 39.96064
5838 36730378 1 156 60 1 31779228 116.68499 39.92981
5839 36362224 2 316  1 9000000101135 116.22242 40.22079
5840 46882164 1 176 70 1 87767639 116.35311 39.99149
5841 30843096 22 270  1 636229 116.48234 39.90843
5842 36283647 22 82  1 85709110 116.82641 40.06306
5843 30843053 1 92 50 1 62237286 116.33994 39.84872
5844 60994105 18 173  1 12645755 116.27469 39.93286
5845 36565751 2 272  1 72579711 116.43211 39.76626
5846 36730379 2 91  1 31778896 116.67294 39.93642
5847 34963208 1 34 40 1 86526416 116.01286 39.58101
5848 30843097 1 268 60 1 61884393 116.4756 39.90529
5849 46932356 1 270 60 1 88703193 116.67768 40.21214
5850 46882165 1 357 70 1 87767636 116.35334 39.99155
5851 60994106 6 319  1 429321 116.26328 39.97263
5852 36362226 2 179  1 20495416 116.8126 40.16689
5853 32935617 8 180  1 71231005 116.2528 39.90951
5854 46882166 1 88 70 1 87767641 116.31247 39.98511
5855 30843100 1 272 50 1 553430 116.50272 39.87105
5856 62253812 8 90  1 87757594 116.41795 39.97704
5857 36283648 2 193  1 40385341 116.61666 40.12895
5858 36362227 2 2  1 9000001288516 116.66011 40.18901
5859 34963211 1 274 50 1 9000000361660 116.00403 39.50262
5860 46882168 1 356 60 1 87767658 116.3155 39.9958
5861 32935618 8 1  1 55018599 116.25298 39.91316
5862 35286210 1 347 70 1 71372249 116.23297 39.91561
5863 36362228 23 271  1 622913 116.46136 39.91644
5864 36730380 6 338  1 479077 116.71974 39.95469
5865 60994107 8 71  1 87767230 116.31209 39.96361
5866 36283649 2 326  1 14728471 116.92713 40.06338
5867 30843101 23 92  1 30046610 116.53948 39.86911
5868 32941595 1 303 90 1 340280 116.58541 39.74001
5869 62253813 22 181  1 685062 116.45765 39.91954
5870 36362229 18 272  1 12514179 116.59238 39.90944
5871 36283650 2 49  1 800957 116.57895 40.12729
5872 46882170 1 144 120 1 60923611 116.36356 40.0101
5873 60994108 8 251  1 87767229 116.31193 39.96372
5874 30843102 23 272  1 552072 116.53966 39.86953
5875 34963214 1 2 30 1 26121230 116.046 39.50833
5876 32941596 1 122 90 1 337366 116.58541 39.73986
5877 36730382 7 271  1 14753158 116.692 39.92373
5878 46882171 1 359 60 1 9000000099148 116.35188 40.02111
5879 62253814 1 3 40 1 619007 116.43682 39.91342
5880 36284389 2 85  1 40040865 116.67854 40.13249
5881 60994109 8 143  1 18383009 116.3727 39.99786
5882 36730383 1 274 40 1 87877220 116.68904 39.92394
5883 30843103 1 95 70 1 549003 116.53569 39.91627
5884 32941597 1 338 70 1 338572 116.57293 39.72252
5885 36283653 2 108  1 71369557 116.61681 40.14088
5886 46882172 1 180 60 1 87767809 116.35172 40.0211
5887 60994110 8 249  1 407638 116.31673 39.96548
5888 34963215 1 182 50 1 26121230 116.046 39.50844
5889 32941598 1 158 50 1 338572 116.57293 39.72252
5890 36730384 1 93 40 1 87915717 116.68677 39.92345
5891 32944012 1 85 70 1 28016463 116.72335 40.06299
5892 46882173 1 322 80 1 87767815 116.35267 40.02458
5893 36362232 1 299 30 1 70619530 116.44483 39.72564
5894 30843105 1 133 90 1 12634718 116.48101 39.83965
5895 36283655 2 288  1 15253675 116.61396 40.14195
5896 60994112 8 70  1 40428680 116.31692 39.96538
5897 34965208 1 175 50 1 9000000664630 117.07451 39.8438
5898 36354181 5 90  1 39047202 116.33907 39.74536
5899 36730385 7 259  1 87877232 116.73721 39.92846
5900 30843106 1 83 50 1 294825 116.45388 39.83245
5901 60994114 8 87  1 12645721 116.33022 39.96731
5902 36362233 2 234  1 57973657 116.62099 39.85611
5903 36283656 2 268  1 40385400 116.33608 40.09854
5904 30843107 23 138  1 14190884 116.47232 39.80853
5905 35024208 8 351  1 60358055 116.41841 39.80125
5906 62253817 1 185 70 1 88640096 116.57109 39.97935
5907 60994115 1 269 80 1 408562 116.3312 39.96752
5908 36730386 1 215 80 1 31779133 116.65766 39.95182
5909 30843108 1 308 60 1 18866739 116.47707 39.80445
5910 36362234 22 271  3 621693 116.45849 39.90669
5911 46882176 1 144 120 1 15827798 116.35124 40.02609
5912 36283657 2 359  1 534465 116.15283 40.1179
5913 35033235 1 356 120 1 28216331 116.03979 39.5423
5914 36730387 1 264 40 1 466899 116.68598 39.92406
5915 32941600 8 358  1 61034260 116.37436 40.02433
5916 30843109 1 128 60 1 302941 116.47698 39.80438
5917 60994116 8 90  1 40428689 116.34499 39.96757
5918 62254882 2 268  1 71186187 116.47545 39.82523
5919 46882177 1 27 40 1 87767837 116.34748 40.02026
5920 35109208 1 344 50 1 49809942 116.785 39.5937
5921 32941601 8 177  1 17168549 116.37437 40.02054
5922 46882178 1 199 40 1 29942168 116.34749 40.02029
5923 36730389 7 74  1 477535 116.71705 39.92362
5924 30843111 1 253 60 1 9000000116691 116.2748 40.07834
5925 32941602 8 354  1 689295 116.37478 40.01795
5926 60994117 1 90 80 1 40428689 116.34494 39.96757
5927 36362236 6 34  1 18711674 116.32016 39.48007
5928 46882179 1 141 80 1 87767844 116.35751 40.01777
5929 36283660 2 266  1 41535580 116.91786 40.07908
5930 30843112 1 72 60 1 15569483 116.27474 40.07824
5931 60994118 1 90 50 1 87767274 116.34493 39.96744
5932 62254883 2 354  1 18758547 116.48123 39.76555
5933 46882180 1 142 120 1 87767846 116.35762 40.01784
5934 35109209 1 164 50 1 49809942 116.785 39.5937
5935 36362237 1 176 80 1 332036 116.42953 39.81269
5936 34593306 6 245  1 88739699 116.61326 40.15309
5937 36730391 1 76 100 1 49089195 116.75961 39.93379
5938 36283661 2 177  1 72495666 116.61374 40.14213
5939 62254884 2 321  1 320723 116.49106 39.8015
5940 60994119 8 270  1 87767278 116.34491 39.96771
5941 30843128 1 218 50 1 56959899 116.9571 39.68691
5942 32941604 8 359  1 29880389 116.37487 40.01391
5943 46882182 1 322 40 1 692571 116.35792 40.01809
5944 36362238 2 272  1 40385810 116.41501 39.84592
5945 36730392 7 235  1 490448 116.712 39.92382
5946 36283662 2 247  1 1292753 116.28906 40.09266
5947 35109211 1 141 40 1 87844224 116.88434 39.71646
5948 46882183 1 91 90 1 18382994 116.34201 40.0231
5949 60994120 18 270  1 40428686 116.34323 39.96768
5950 30843129 1 207 60 1 253918 116.98617 39.73115
5951 36730393 1 184 60 1 31779270 116.70096 39.95182
5952 32944013 1 25 60 1 60434709 116.78785 40.16332
5953 62254885 2 279  1 19368184 116.49322 39.79577
5954 36283663 2 291  1 304903 116.98936 40.07331
5955 36362239 2 178  1 60924329 116.34567 39.73236
5956 36730394 1 82 60 1 71372224 116.68262 39.93324
5957 60994121 18 90  1 87767269 116.33383 39.96747
5958 46882184 1 358 70 1 87767853 116.35277 40.00268
5959 30843130 1 26 40 1 9000000793885 116.9916 39.74192
5960 36362240 2 357  1 61034229 116.34611 39.73158
5961 35109212 1 320 60 1 254298 116.8844 39.71654
5962 30843131 1 206 40 1 9000000793885 116.99159 39.74191
5963 62254886 2 16  1 19368187 116.49275 39.79555
5964 36730395 7 255  1 298398 116.76747 39.93685
5965 46882185 1 145 60 1 87767878 116.31735 40.01655
5966 46882134 1 90 80 1 87767281 116.34702 39.96758
5967 36283665 2 84  1 309856 116.91691 40.07903
5968 32941607 8 357  1 17168554 116.37459 40.01993
5969 46923191 1 351 50 1 87914046 116.58962 40.06298
5970 30843132 1 85 40 1 245188 116.98966 39.75472
5971 62254887 2 61  1 87944955 116.48915 39.79626
5972 36730396 18 254  1 298441 116.76333 39.93487
5973 60994122 8 258  1 20465541 116.34054 39.93725
5974 36283666 22 82  1 85709106 116.82803 40.06329
5975 35109255 9 49  1 755941 116.51474 40.01132
5976 32941608 8 178  1 692094 116.35253 40.00284
5977 36730397 18 80  1 32246725 116.72063 39.92424
5978 60994123 22 268  1 403363 116.34169 39.93737
5979 32941610 8 88  1 687610 116.35632 40.00105
5980 36730398 18 263  1 12666288 116.77966 39.94041
5981 30843134 1 267 50 1 18863574 116.95103 39.74867
5982 36283667 2 142  1 61973196 116.92609 40.06467
5983 35109256 9 228  1 737178 116.51486 40.01142
5984 62254888 2 245  1 86033786 116.48999 39.7833
5985 36362243 2 7  1 40259050 116.32269 39.49633
5986 46882187 1 255 90 1 87767933 116.30401 40.01614
5987 32941611 8 268  1 687631 116.35986 40.00135
5988 36730399 1 175 70 1 71372203 116.65572 39.92099
5989 30843135 1 87 50 1 18863574 116.95103 39.74867
5990 36362244 2 7  1 40259052 116.32273 39.49632
5991 46882188 1 74 90 1 87767931 116.30443 40.0161
5992 36283669 2 105  1 71369553 116.60796 40.14362
5993 31140076 1 184 40 1 320591 116.26779 39.78832
5994 36730400 2 314  1 72516671 116.00727 39.71159
5995 62254889 2 63  1 321061 116.49778 39.80041
5996 32941613 1 88 60 1 671521 116.38996 39.98771
5997 46882189 1 351 40 1 87767946 116.28747 40.0111
5998 30843136 1 34 40 1 16180722 116.84716 39.86172
5999 35109258 1 94 60 1 17230882 116.57882 40.06135
6000 36730401 2 248  1 61040814 116.00562 39.71738
6001 36283670 1 267 50 1 1648432 116.43701 40.10172
6002 32931633 8 270  1 88072406 116.2895 39.92418
6003 46882190 1 174 40 1 87767947 116.28747 40.0111
6004 36362245 1 268 50 1 31741192 116.53827 39.90965
6005 36730402 2 270  1 14655821 116.01192 39.71194
6006 35109259 1 270 60 1 87914070 116.58787 40.06044
6007 60994125 18 0  1 87767400 116.31021 39.93249
6008 36362246 1 358 80 1 14594432 116.42968 39.8126
6009 36730403 2 271  1 61040880 116.00843 39.70857
6010 30843137 1 215 20 1 16285122 116.8471 39.86194
6011 35109261 1 10 50 1 53667753 116.58841 40.07593
6012 36283671 2 1  1 580440 116.15279 40.11485
6013 32941616 1 357 70 1 42255090 116.39444 39.98283
6014 36730404 2 63  1 61040815 116.00733 39.71823
6015 36362247 7 87  1 12634721 116.40113 39.87171
6016 46882191 1 266 60 1 87767950 116.28687 40.01357
6017 32941617 1 176 70 1 671504 116.39343 39.98235
6018 36283672 2 88  1 41535694 116.59798 40.14389
6019 60994126 8 0  1 87767400 116.31021 39.93252
6020 30843138 1 340 60 1 16284923 116.96203 39.75481
6021 36362248 22 179  1 571009 116.45759 39.91266
6022 36730405 1 19 60 1 300778 116.20733 39.67694
6023 30466150 23 194  1 14443748 116.5353 39.84055
6024 35109262 1 90 40 1 29692215 116.62855 40.16603
6025 46882192 1 81 70 1 87768033 116.0637 39.71443
6026 30843139 1 160 60 1 16284925 116.96192 39.75477
6027 36283673 2 270  1 62593981 116.57981 40.12774
6028 36362249 2 14  1 61034227 116.34629 39.72546
6029 60994127 18 180  1 40428748 116.31006 39.92327
6030 46882193 1 249 60 1 87768036 116.01099 39.70357
6031 62254892 2 21  1 19368256 116.49974 39.79439
6032 35109263 8 180  1 70618192 116.65986 40.17317
6033 30843140 1 268 60 1 18863673 116.93988 39.79402
6034 36730406 1 350 50 1 381413 116.0866 39.6974
6035 62016184 2 87  1 69585027 116.41339 39.67533
6036 36362250 2 355  1 14531527 116.32615 39.52235
6037 30843141 1 87 60 1 96577447 116.93987 39.79391
6038 36283674 2 342  1 85709136 116.8185 40.06185
6039 46882194 1 222 120 1 88136815 116.16221 39.77363
6040 62254893 2 142  1 19368169 116.48917 39.79663
6041 36730407 2 141  1 72516670 116.00687 39.71205
6042 36362251 2 90  1 49045927 116.42148 39.84584
6043 35109264 1 274 60 1 15265984 116.66976 40.21224
6044 32941620 23 180  1 17194105 116.40738 39.98277
6045 36273951 2 0  1 513421 116.25305 39.89983
6046 36283675 2 345  1 61200775 116.54354 40.14685
6047 46882195 1 41 120 1 88136814 116.16247 39.77355
6048 30843142 1 81 50 1 253436 116.96338 39.74907
6049 62359953 2 255  1 16524771 115.97618 40.45679
6050 36289128 1 115 60 1 71230872 116.10101 39.90919
6051 36362252 22 186  1 607929 116.4614 39.90774
6052 36354183 5 89  1 20114623 116.33307 39.7248
6053 36283676 2 355  1 61034271 116.54263 40.11144
6054 32941621 23 2  1 29880386 116.40755 39.98327
6055 60994129 8 180  1 87767335 116.31007 39.93523
6056 62357474 2 266  1 324266 116.62432 39.57509
6057 46882196 1 332 70 1 88136820 116.12845 39.82773
6058 62254894 2 263  1 19560797 116.48596 39.80114
6059 30843143 1 261 50 1 253436 116.96338 39.74907
6060 36283677 2 10  1 528437 116.13994 40.13684
6061 36327240 2 261  1 54897020 116.83666 40.36222
6062 32941622 8 177  1 682657 116.41728 39.98194
6063 35109265 1 94 60 1 40019111 116.66833 40.21224
6064 36730408 2 241  1 42256693 116.00776 39.71845
6065 46882197 1 152 70 1 14680023 116.1283323 39.8277406
6066 36362253 22 269  3 606351 116.45792 39.912
6067 30843144 1 313 40 1 16284963 116.96528 39.74785
6068 36283678 2 342  1 578999 116.13965 40.14523
6069 62254895 2 90  1 61795413 116.47125 39.82501
6070 36419320 2 144  1 19258243 116.31567 40.06203
6071 46882201 1 4 70 1 88136943 116.83263 40.43982
6072 35109266 8 0  1 61633550 116.66022 40.2005
6073 60994130 8 177  1 40428761 116.30988 39.94486
6074 36730410 2 90  1 54231881 116.00937 39.71182
6075 36362255 2 176  1 86379875 116.326 39.52263
6076 36283679 15 268  1 41535694 116.59817 40.14389
6077 46882202 1 180 70 1 88136944 116.8325 40.43982
6078 32941624 23 1  1 40040795 116.40788 39.99898
6079 46946219 1 90 70 1 87757959 116.43097 39.9336
6080 30843146 1 266 40 1 16285182 116.98708 39.74691
6081 62242255 2 268  1 690900 116.29291 40.03392
6082 35109267 8 180  1 61633541 116.66011 40.20089
6083 60994131 22 94  3 40428780 116.32689 39.93855
6084 32941625 23 181  1 29880401 116.40768 39.99861
6085 46882203 1 86 70 1 88136946 115.96356 39.67781
6086 30843147 1 85 40 1 16285178 116.98712 39.7468
6087 36730411 1 198 60 1 307285 116.20716 39.67696
6088 36284381 2 284  1 61585370 116.95268 40.08416
6089 32941626 8 1  1 681117 116.40783 39.9963
6090 60994132 8 112  1 40428782 116.31359 39.94064
6091 35109268 1 5 70 1 543787 116.6684 40.19756
6092 36362257 2 89  1 19238037 116.41441 39.84581
6093 46882204 1 73 50 1 88136948 115.99323 39.69812
6094 30843148 1 343 60 1 16180840 116.98793 39.76468
6095 62254897 2 90  1 70610455 116.4749 39.82509
6096 36327241 2 342  1 54896520 116.85821 40.38828
6097 36284382 2 75  1 365673 116.75461 40.1373
6098 36730412 2 336  1 18071578 116.01128 39.71632
6099 36362258 23 91  1 622913 116.46136 39.91644
6100 32941627 23 3  1 681121 116.40778 39.99513
6101 36749060 2 164  1 487595 116.17785 39.82235
6102 46882205 1 270 60 1 88136953 115.9931 39.72538
6103 62254898 2 308  1 50118751 116.45224 39.82581
6104 60994133 8 108  1 40428810 116.34751 39.94488
6105 36729601 2 349  1 27943127 116.66075 40.10396
6106 30843149 1 163 60 1 16180835 116.98777 39.76466
6107 36284383 2 95  1 70811180 116.67188 40.30647
6108 46882206 1 90 60 1 88136950 115.9931 39.72529
6109 36730413 2 171  1 61040859 116.0081 39.71
6110 36362259 2 174  1 376562 116.34528 39.73671
6111 32941628 23 181  1 40040666 116.40759 39.9948
6112 60994134 1 270 70 1 30261113 116.33948 39.9325
6113 62254899 2 247  1 19560805 116.4911 39.80203
6114 36362260 2 186  1 330749 116.32275 39.49816
6115 30843150 1 150 40 1 87948470 116.69924 39.85946
6116 36284384 2 358  1 85159824 116.64499 40.32158
6117 32941629 8 181  1 40040665 116.40758 39.99438
6118 46882211 1 2 50 1 88136967 116.84899 40.40179
6119 60994136 22 0  1 368936 116.33945 39.93615
6120 62254900 2 196  1 19368194 116.49286 39.79616
6121 36730414 2 79  1 14655847 116.01447 39.71021
6122 36362261 22 90  1 633555 116.45996 39.91345
6123 35109272 1 187 50 1 18060766 116.72194 40.16901
6124 30843162 1 76 50 1 382422 116.10886 40.00538
6125 46882212 1 178 70 1 61078586 116.84865 40.40192
6126 62254901 2 142  1 19368105 116.48538 39.80135
6127 60994138 22 207  1 392816 116.36708 39.92844
6128 40697124 1 172 80 1 12644726 116.31166 39.87383
6129 32941630 8 187  1 588221 116.41714 39.99807
6130 47051091 1 90 20 1 88044090 116.22288 39.89672
6131 30843163 1 344 60 1 71760255 116.1392 39.90338
6132 36327242 2 249  1 337813 116.85617 40.37155
6133 36284387 2 180  1 15086373 116.63052 40.31836
6134 36362262 23 89  1 562416 116.46142 39.91196
6135 35109276 6 171  1 87808712 116.31149 39.87382
6136 32941631 22 179  1 669897 116.4374 39.98977
6137 36284388 2 272  1 85708326 116.73683 40.10307
6138 62030884 2 335  1 72058265 116.57445 39.86213
6139 46882213 1 286 70 1 88136978 116.54297 39.6699
6140 30843164 1 164 60 1 71760255 116.1392 39.90338
6141 62254902 2 64  1 19368199 116.49182 39.79303
6142 36362263 23 269  1 622915 116.46141 39.91203
6143 60994139 8 74  1 408593 116.35967 39.94474
6144 36730417 2 89  1 61040829 116.01111 39.71647
6145 46882214 1 106 70 1 88136977 116.54297 39.6699
6146 32941633 6 175  1 42172058 116.30596 39.97749
6147 30843165 1 286 50 1 283541 116.14854 39.88729
6148 36362264 2 356  1 41577565 116.34579 39.73584
6149 35109277 8 270  1 493840 116.33452 39.88994
6150 36362197 2 105  1 16285844 116.69123 39.87084
6151 36284390 22 257  1 773879 116.74787 40.13563
6152 36730418 2 88  1 54231869 116.01308 39.70859
6153 32941634 1 88 60 1 363495 116.30832 39.98501
6154 46882215 1 28 60 1 88136980 115.8988 39.57561
6155 35109278 8 90  1 56939708 116.32352 39.89681
6156 36284391 2 262  1 292370 116.67879 40.30642
6157 62314959 2 273  1 41575502 116.37116 39.78284
6158 32941636 8 178  1 70040446 116.33347 39.97907
6159 30843166 1 106 50 1 283541 116.14854 39.88729
6160 36730419 2 91  1 61040879 116.01457 39.70858
6161 62254903 2 141  1 336317 116.49432 39.79027
6162 30843167 1 281 60 1 87904875 116.11684 39.95995
6163 32941637 8 357  1 358054 116.33368 39.97827
6164 35109279 1 348 70 1 334080 116.42047 39.79046
6165 60997093 22 175  1 49826752 116.63922 39.9263
6166 46882216 1 207 60 1 9000001268357 115.89873 39.57568
6167 36730420 1 169 50 1 383208 116.05455 39.71229
6168 62254904 2 65  1 19368232 116.4943 39.78979
6169 32941638 8 356  1 70040444 116.3335 39.98156
6170 30843168 1 101 60 1 16460684 116.11681 39.95985
6171 36284392 2 275  1 70811179 116.6735 40.30649
6172 36730421 2 1  1 502383 116.37097 39.83867
6173 46882217 1 209 60 1 88136985 115.90134 39.58067
6174 60997094 1 281 60 1 18711720 116.3336 39.47559
6175 36362265 2 6  1 40259060 116.32288 39.49782
6176 36749062 2 85  1 72516754 116.15505 39.80099
6177 46882218 1 4 70 1 88136987 116.32301 39.49986
6178 36730422 2 90  1 61040864 116.01052 39.70987
6179 32941639 8 177  1 70040439 116.33323 39.9843
6180 62254905 2 123  1 315243 116.49194 39.77553
6181 35109280 1 170 60 1 39943172 116.42022 39.79074
6182 36284393 2 194  1 20277132 116.64271 40.13765
6183 36362266 2 288  1 54083646 116.15858 40.13064
6184 36314882 18 301  3 14905333 115.49153 39.63842
6185 60997095 1 283 70 1 285071 117.24864 40.41126
6186 46882219 1 186 70 1 88136989 116.32292 39.49981
6187 32941640 8 356  1 409217 116.33315 39.9884
6188 30843170 1 148 60 1 234554 116.09871 39.9605
6189 62254906 2 269  1 87945335 116.45951 39.8249
6190 36730423 2 334  1 42256684 116.00992 39.71158
6191 36284394 2 274  1 60923767 116.65773 40.13683
6192 35119367 1 141 50 1 55137488 116.66416 39.92022
6193 46882221 1 262 70 1 88136994 116.80025 40.14781
6194 32941641 8 357  1 435482 116.33306 39.99037
6195 36238442 1 357 20 1 16705344 117.09677 39.79437
6196 36284396 2 91  1 40601461 116.66044 40.09626
6197 36362267 2 270  1 71369714 116.64395 40.08231
6198 46882292 1 355 70 1 88645416 116.69823 40.16454
6199 36730424 2 324  1 383680 116.05108 39.74389
6200 60997096 1 103 70 1 285071 117.24863 40.41126
6201 62254907 2 130  1 53884240 116.45156 39.82605
6202 30854060 1 349 60 1 39764968 116.80451 40.06161
6203 36362268 2 90  1 70620594 116.64311 40.08215
6204 34593237 1 147 60 1 88053194 116.2814 39.86883
6205 46882296 1 92 70 1 85708325 116.74925 40.10257
6206 35119368 1 321 50 1 55137486 116.66438 39.92027
6207 36730425 1 349 50 1 383208 116.05455 39.71229
6208 32941642 8 177  1 435480 116.3329 39.99066
6209 62254908 2 137  1 19560803 116.49049 39.80212
6210 36730426 2 266  1 61040850 116.00582 39.71631
6211 36255109 2 348  1 17310267 116.28505 40.05081
6212 35121948 8 270  1 674058 116.48583 39.93378
6213 46882297 1 92 70 1 85708328 116.73897 40.10288
6214 36284397 2 91  1 20277737 116.66149 40.09625
6215 32941647 8 176  1 368999 116.35375 39.98128
6216 36730427 2 333  1 54342896 116.01254 39.70984
6217 36362269 2 183  1 70618947 116.15256 40.11744
6218 46800334 1 201 120 1 14728465 116.48252 40.10385
6219 36284398 2 271  1 15341752 116.6606 40.09634
6220 35122054 8 176  1 87767660 116.31536 39.99568
6221 61000093 18 224  1 41508382 116.28982 39.97956
6222 62254909 2 82  1 19560800 116.49045 39.80181
6223 30854064 1 170 50 1 85709148 116.79143 40.06633
6224 36362271 2 108  1 41508259 116.15748 40.13085
6225 36730428 2 355  1 54231839 116.00564 39.71623
6226 40564359 1 315 100 1 12512140 116.31096 40.04541
6227 46882301 1 0 50 1 85708468 116.64089 40.11018
6228 36284399 2 269  1 71369642 116.62863 40.12901
6229 35122055 6 93  1 393243 116.27362 39.94671
6230 36730429 2 270  1 61040865 116.00831 39.70988
6231 62254910 2 320  1 19368239 116.49481 39.78972
6232 32941650 8 356  1 87767636 116.35344 39.98984
6233 36362272 2 270  1 88698548 116.65 40.08229
6234 46882302 1 180 50 1 15341819 116.64071 40.11019
6235 35122056 1 358 50 1 71777827 116.31045 39.91834
6236 30854066 1 86 40 1 85709152 116.79535 40.0672
6237 36354188 2 270  1 14367153 116.33265 39.74624
6238 46882303 1 282 70 1 60434735 116.70972 40.12515
6239 32941651 8 356  1 404785 116.35314 39.99552
6240 36284404 2 84  1 70811176 116.67875 40.30626
6241 61000095 22 268  1 401710 116.34114 39.93862
6242 35122057 1 358 80 1 49044777 116.31032 39.91835
6243 36362273 2 268  1 71114046 116.14075 40.13252
6244 36284407 2 334  1 60921797 116.65315 40.33091
6245 62254912 2 321  1 319610 116.48581 39.80085
6246 30472220 1 83 40 1 14640912 116.83411 40.36501
6247 30854068 1 1 50 1 9000000121014 116.5128 40.22257
6248 32941652 8 178  1 404791 116.35277 39.99792
6249 35122058 1 180 80 1 12645789 116.31015 39.91835
6250 62254913 2 140  1 19560831 116.49931 39.78412
6251 36362274 2 180  1 377463 116.6399 40.08274
6252 36284408 2 178  1 85159690 116.64466 40.33102
6253 30854069 1 181 50 1 9000000121014 116.5128 40.22257
6254 46882304 1 101 70 1 85708505 116.70958 40.12506
6255 35122059 1 179 60 1 395378 116.30992 39.91832
6256 36730431 2 175  1 72516667 116.01173 39.71207
6257 61000096 8 352  1 438625 116.32274 39.96179
6258 62254914 2 270  1 70610434 116.46811 39.82513
6259 35122061 1 72 80 1 357673 116.36455 39.94609
6260 32941655 1 357 60 1 17194088 116.36961 39.98502
6261 36284409 2 180  1 299035 116.64497 40.31645
6262 36362275 2 359  1 1294393 116.26861 40.13059
6263 61000097 8 268  1 14190228 116.33913 39.92319
6264 36255106 2 96  1 70618948 116.15198 40.13234
6265 35122062 8 72  1 357673 116.36455 39.94609
6266 36730433 2 147  1 383681 116.05092 39.74411
6267 36362276 2 273  1 19232125 116.24702 40.04598
6268 30854071 1 180 50 1 997311 116.5127 40.19238
6269 61000098 8 90  1 12962810 116.4009 39.93338
6270 46882306 1 278 50 1 85708671 116.65167 40.14891
6271 35122063 1 253 80 1 366567 116.36453 39.94625
6272 36362384 2 144  1 351094 116.00195 40.46038
6273 36730434 2 143  1 18064536 116.00532 39.71738
6274 62140920 2 264  1 586529 116.68143 40.4136
6275 36284411 2 93  1 71369719 116.70048 40.09525
6276 61000099 1 143 80 1 96579605 116.37625 39.99326
6277 36362277 2 180  1 9000000120972 116.70475 40.0791
6278 34952228 8 90  1 14226493 116.46548 39.92325
6279 36730435 2 84  1 54231877 116.01238 39.70993
6280 35408348 23 65  1 88049195 116.21304 39.91697
6281 35122064 8 253  1 366567 116.36453 39.94625
6282 46882307 1 344 70 1 85708729 116.63832 40.14124
6283 32941788 8 86  1 60395174 116.37761 39.93277
6284 30854073 1 7 50 1 997232 116.61519 40.19321
6285 36730436 2 178  1 379867 116.01467 39.71053
6286 62254916 2 318  1 15569097 116.48994 39.78297
6287 36284412 2 295  1 61585372 116.92257 40.0993
6288 30854074 1 187 60 1 997232 116.61519 40.19321
6289 35122065 8 175  1 12645746 116.3536 39.98334
6290 36362279 2 181  1 70618955 116.15249 40.11195
6291 61000100 8 143  1 96579605 116.37628 39.99322
6292 36730437 2 182  1 39124492 116.37083 39.83929
6293 36284413 2 89  1 71369632 116.6272 40.12889
6294 32941659 8 228  1 667144 116.48677 39.98808
6295 60988146 23 351  1 70618264 116.28777 40.01116
6296 46882309 1 231 80 1 85708859 115.97311 40.41167
6297 35122066 8 92  1 17116566 116.28371 39.94647
6298 62254917 2 322  1 19368417 116.49831 39.80035
6299 61000101 8 142  1 96579605 116.37526 39.99459
6300 36362280 2 78  1 1368056 116.28671 40.14888
6301 46882312 1 25 80 1 85708880 115.95993 40.39576
6302 30854076 1 175 50 1 986670 116.56198 40.1865
6303 32941660 8 48  1 40416696 116.4836 39.98502
6304 61000102 8 322  1 12676410 116.37537 39.9947
6305 36362281 2 270  1 40385472 116.64056 40.0823
6306 35124275 1 274 50 1 1765348 116.48176 40.20958
6307 30854077 1 270 50 1 50040198 116.60593 40.23965
