6308 46882313 1 297 60 1 85708895 115.9834 40.3618
6309 61000103 8 324  1 96579607 116.37633 39.99344
6310 36732899 18 85  1 810362 116.53417 40.1219
6311 36284415 2 93  1 71369630 116.66434 40.12976
6312 36362282 2 180  1 70763815 116.28792 40.22231
6313 46882314 1 115 60 1 85708893 115.98329 40.36172
6314 34552491 6 1  1 16337292 116.30116 39.41706
6315 32941661 8 229  1 39862505 116.48183 39.98361
6316 35124276 1 94 60 1 1765348 116.48176 40.20958
6317 30854083 1 271 50 1 61870475 116.55806 40.20979
6318 36284417 2 264  1 61207074 116.84081 40.15214
6319 36732900 22 80  3 19257993 116.28687 40.05175
6320 61000104 1 324 80 1 96579607 116.37636 39.99339
6321 62254919 2 322  1 334027 116.49214 39.79297
6322 36732901 18 341  1 1667080 116.48383 40.13116
6323 32941662 8 48  1 39862507 116.4794 39.98123
6324 30854084 1 91 50 1 61870475 116.55805 40.20979
6325 35124277 1 180 60 1 9000000126649 116.53119 40.22469
6326 36362283 2 34  1 1905297 117.32767 40.20693
6327 36732902 1 179 40 1 19693338 116.6136 40.14502
6328 46882317 1 80 50 1 16442729 115.89341 40.37485
6329 32941664 8 48  1 675731 116.47584 39.97802
6330 30854087 6 91  1 20166849 116.54745 40.21013
6331 35124278 1 266 50 1 1001648 116.62393 40.24066
6332 40564363 1 171 60 1 12512143 116.28761 40.0111
6333 36285447 2 272  1 19853290 116.12921 40.23432
6334 36732903 2 214  1 805827 116.56549 40.11517
6335 61000105 8 164  1 667716 116.37842 39.98729
6336 35124279 1 86 60 1 1001648 116.62393 40.24066
6337 36284419 2 212  1 49859647 116.65047 40.30863
6338 36732904 18 73  1 1656216 116.49988 40.11669
6339 32941665 8 229  1 29880398 116.46739 39.97055
6340 30854090 1 180 70 1 15265914 116.53103 40.19997
6341 36362284 2 276  1 87409426 116.1244 39.88698
6342 36732905 1 359 40 1 19693338 116.6136 40.14501
6343 32941668 8 158  1 412597 116.31924 39.97166
6344 36362285 2 90  1 70763822 116.28729 40.21737
6345 46882319 1 141 80 1 20153778 116.91808 40.07762
6346 35124280 1 2 70 1 29692430 116.6416 40.1823
6347 61000106 8 342  1 682531 116.37842 39.98804
6348 36284420 2 44  1 60921659 116.59195 40.29185
6349 36362286 2 359  1 70763816 116.28808 40.22144
6350 35283240 1 262 60 1 336951 116.15929 39.92437
6351 32941669 1 180 60 1 442940 116.30997 39.91158
6352 62254921 2 197  1 19368261 116.4999 39.79505
6353 62254987 2 137  1 19362195 116.50377 39.78604
6354 35124281 1 181 70 1 9000001260316 116.64144 40.18231
6355 62359958 1 80 50 1 70207217 115.93713 40.4545
6356 36284422 2 32  1 30398081 116.62373 40.29936
6357 36362287 2 181  1 1536959 116.28294 40.20784
6358 34942227 1 248 50 1 62174802 116.44901 39.45379
6359 36732906 1 135 70 1 709340 116.26967 40.03583
6360 46882321 1 343 60 1 61973204 116.81861 40.06151
6361 61000107 8 89  1 30241328 116.383 39.96815
6362 35124282 6 244  1 14640782 116.76231 40.33902
6363 62254922 2 99  1 19368251 116.49939 39.7947
6364 35411255 23 268  1 12676425 116.39812 39.96872
6365 36362288 2 270  1 16461265 116.28849 40.2076
6366 30854091 1 90 50 1 88702554 116.70819 40.21341
6367 36284423 2 343  1 40040830 116.67003 40.12903
6368 46882322 1 162 50 1 85709136 116.8186 40.06154
6369 32941670 1 90 40 1 87767332 116.31359 39.9281
6370 36732907 18 184  1 50080108 116.4831 40.14406
6371 36362289 2 180  1 70763956 116.28802 40.20785
6372 35124283 1 130 50 1 88740085 116.65738 40.36283
6373 61000109 8 90  1 680264 116.41108 39.96891
6374 62254923 2 101  1 19368182 116.49248 39.79584
6375 30854093 1 94 70 1 88703213 116.74299 40.16985
6376 46882323 1 85 60 1 85709140 116.81189 40.06855
6377 46932186 1 186 70 1 87915540 116.67786 39.98479
6378 36362290 2 17  1 70763957 116.28811 40.2073
6379 36732908 18 93  1 50100289 116.53127 40.14628
6380 32941671 8 91  1 40428831 116.31756 39.93232
6381 30854094 6 357  1 15266169 116.20696 39.94252
6382 36284425 2 0  1 15086325 116.63061 40.32458
6383 36732909 1 230 60 1 370000 115.87744 40.36308
6384 62254924 2 299  1 302923 116.49328 39.77483
6385 35124286 6 76  1 703233 116.30228 40.0494
6386 36362291 2 26  1 86928380 116.81493 40.11783
6387 30854095 1 177 60 1 14366338 116.20682 39.94246
6388 36284426 2 88  1 70811196 116.70335 40.32812
6389 61000110 8 88  1 12676416 116.41244 39.96894
6390 60968101 1 359 50 1 18729992 116.16683 39.73636
6391 36732910 18 181  1 50080108 116.48303 40.14225
6392 35124287 1 258 90 1 709626 116.26512 40.00352
6393 46882324 1 265 60 1 85709141 116.81189 40.06855
6394 30854097 1 272 60 1 86889450 116.21614 39.93343
6395 62254925 2 197  1 17185234 116.49204 39.7933
6396 62314239 2 180  1 40425411 116.32204 39.69207
6397 36362292 2 25  1 86928375 116.81691 40.12197
6398 36732911 18 265  1 790248 116.53415 40.12204
6399 61000112 18 88  1 71113492 116.42413 39.96927
6400 36284427 2 31  1 40385634 116.65062 40.30853
6401 32941672 8 270  1 398422 116.3162 39.93244
6402 46886117 1 253 60 1 50065018 116.11968 39.92205
6403 36362293 2 265  1 343337 116.87189 40.07523
6404 35124288 1 77 90 1 695566 116.26525 40.00343
6405 36732912 18 305  1 808831 116.58264 40.12059
6406 36284428 2 86  1 17257190 116.67919 40.30628
6407 62254926 2 75  1 19560781 116.47197 39.80877
6408 32941675 8 90  1 417020 116.31284 39.93231
6409 30909145 1 298 50 1 9000001241241 116.20842 39.70581
6410 36354192 2 358  1 62385938 116.31473 39.74656
6411 61000113 8 96  1 672414 116.43528 39.96946
6412 35124289 1 269 70 1 61207075 116.84104 40.15216
6413 36362294 2 213  1 14614586 117.32804 40.20748
6414 46886118 1 70 60 1 20211400 116.11773 39.92128
6415 30466163 1 289 30 1 14444391 116.53301 39.60067
6416 36327247 2 9  1 70617914 116.72485 40.19493
6417 35124290 6 284  1 31772895 116.99158 40.14331
6418 30909146 1 119 70 1 9000001241241 116.20841 39.70582
6419 62254927 2 88  1 86033646 116.46684 39.825
6420 36284429 22 268  1 60921814 116.62975 40.32448
6421 61000114 8 111  1 687262 116.4367 39.96915
6422 46886119 1 7 60 1 87580465 116.11518 39.92357
6423 32941679 8 245  1 407913 116.30744 39.96198
6424 36362295 2 288  1 18741764 117.32818 40.20729
6425 35283241 8 272  1 456166 116.34908 39.90728
6426 35124291 6 103  1 14680437 116.99155 40.14323
6427 62254928 2 88  1 70610453 116.45902 39.82477
6428 36284430 2 271  1 39765006 116.65702 40.31583
6429 60988148 23 141  1 88044130 116.27374 40.0042
6430 30909147 1 265 60 1 26171480 116.34868 39.74278
6431 36732914 18 130  1 40417021 115.98839 40.3523
6432 46886120 1 249 60 1 16570449 116.07987 39.93959
6433 32941680 1 71 50 1 406814 116.31206 39.96345
6434 35124292 1 90 40 1 9000001321501 117.07297 40.16625
6435 36362296 2 271  1 16461239 116.28345 40.20759
6436 36284431 2 99  1 490642 116.9098 40.1031
6437 36732915 18 103  1 370024 115.98026 40.36276
6438 61000115 1 111 80 1 687262 116.43676 39.96913
6439 62254929 1 64 50 1 14190811 116.48957 39.78293
6440 32941683 8 90  1 13884494 116.32736 39.93235
6441 36284432 2 281  1 487426 116.91008 40.10305
6442 46886121 1 63 60 1 16570775 116.07987 39.93946
6443 30909148 1 17 40 1 409496 116.3458 39.72347
6444 36354193 2 77  1 415805 116.37155 39.74105
6445 36284433 2 302  1 490569 116.93813 40.09059
6446 36362297 2 94  1 16461033 116.32466 40.18314
6447 62254930 2 82  1 19560794 116.48529 39.80106
6448 46886122 1 314 60 1 16570771 116.11148 39.92571
6449 32941684 8 270  1 415545 116.32942 39.93248
6450 36284434 1 214 50 1 86344931 117.09692 40.07415
6451 30909149 1 252 50 1 232257 116.48186 39.62161
6452 35124294 6 89  1 62258121 116.45849 39.93359
6453 61000117 8 122  1 667174 116.45624 39.95648
6454 36284435 2 90  1 71369574 116.64863 40.12995
6455 34595256 1 268 50 1 72893250 117.10369 39.78456
6456 30911072 23 175  1 49792694 116.40652 39.90733
6457 46886123 1 121 60 1 87580494 116.11271 39.92463
6458 32941685 8 90  1 421417 116.33002 39.93236
6459 35132209 1 239 40 1 404004 116.52372 40.70819
6460 62254931 2 63  1 19560828 116.49936 39.78352
6461 36284436 2 128  1 40040869 116.67027 40.12802
6462 46915091 1 264 70 1 87659184 116.62815 40.04489
6463 62314963 2 177  1 41575513 116.37488 39.78328
6464 35283242 1 278 100 1 1656172 116.40231 40.15844
6465 36735702 1 13 50 1 1910040 117.25723 40.23646
6466 32941686 8 180  1 14190418 116.3257 39.92681
6467 61000118 8 181  1 87758003 116.46159 39.92948
6468 36362299 2 168  1 49963988 116.81315 40.15478
6469 36284437 2 263  1 364751 116.8539 40.15299
6470 35132210 1 59 40 1 404004 116.52369 40.70817
6471 61000119 8 180  1 87757822 116.46152 39.91986
6472 36362300 1 9 60 1 86750407 117.10557 40.12626
6473 46915092 1 86 70 1 87659185 116.62813 40.04476
6474 62254932 2 258  1 19362897 116.54707 39.77586
6475 36735703 1 197 50 1 1910040 117.25725 40.23657
6476 31140277 1 19 70 1 237474 116.49803 39.64811
6477 36284438 2 176  1 485828 116.88528 40.08525
6478 46915097 1 315 90 1 734001 116.49041 40.00907
6479 35132251 1 357 50 1 41679484 116.40901 39.72159
6480 36362301 1 189 60 1 61585005 117.10541 40.12626
6481 61000120 18 1  1 71113535 116.46178 39.92772
6482 30911074 1 357 60 1 19560714 116.40277 39.8063
6483 46923120 1 255 50 1 87808644 116.35387 39.85211
6484 35132252 6 176  1 376559 116.34476 39.7418
6485 36284439 2 180  1 40385594 116.63725 40.26444
6486 32941687 8 270  1 432546 116.33482 39.93833
6487 62254933 2 64  1 61207969 116.50963 39.79259
6488 36735704 2 331  1 1526673 117.20642 40.21045
6489 35132253 1 40 70 1 9000000124844 116.33258 39.70487
6490 32941688 8 351  1 436424 116.32487 39.94608
6491 36284440 2 0  1 88653110 116.73878 40.32993
6492 30911075 7 93  1 15831945 116.42792 39.87117
6493 61000122 8 304  1 71113551 116.44345 39.96513
6494 46923121 1 75 50 1 453844 116.35406 39.85174
6495 36362303 2 269  1 70091868 116.28873 40.22204
6496 61087118 1 90 50 1 27943140 116.64265 40.11732
6497 36284441 2 109  1 61078463 116.82634 40.37851
6498 32941689 8 171  1 87767243 116.3249 39.94434
6499 31166223 1 265 60 1 243236 117.05184 39.71495
6500 35132267 8 270  1 674761 116.42822 39.97721
6501 36735706 1 152 50 1 527743 117.05683 40.16165
6502 62254934 2 244  1 19362270 116.51951 39.7933
6503 36284442 2 24  1 19938060 116.68791 40.30571
6504 40697120 1 179 80 1 486745 116.28347 39.84907
6505 30911076 7 94  1 15831947 116.43523 39.87078
6506 36362304 2 0  1 70763949 116.28808 40.21685
6507 32941690 8 173  1 15778607 116.324 39.95089
6508 46923122 1 255 50 1 14165629 116.35968 39.85373
6509 34595257 1 158 50 1 273740 117.12426 39.76645
6510 35135208 1 1 50 1 261933 116.82033 39.66878
6511 30843069 1 267 60 1 86770855 116.60414 39.5086
6512 36737717 1 259 40 1 70049539 116.64625 39.90562
6513 36284443 2 94  1 17257265 116.68805 40.30535
6514 62254935 2 65  1 392015 116.51908 39.79305
6515 36362305 2 90  1 70763960 116.28233 40.20748
6516 32941692 8 173  1 14190108 116.32374 39.95289
6517 46923123 1 73 50 1 87808646 116.36003 39.8534
6518 61000124 1 288 80 1 686966 116.43681 39.96925
6519 36284444 2 184  1 70811186 116.67259 40.30685
6520 36737718 22 279  1 536631 116.64401 39.90154
6521 35135209 1 181 50 1 261933 116.82033 39.66878
6522 36362306 2 109  1 15254956 116.81483 40.11804
6523 31204186 1 261 70 1 360728 116.34458 39.93863
6524 40697136 1 264 80 1 12644744 116.37451 39.85713
6525 62254936 2 63  1 19362281 116.5231 39.79495
6526 36737719 2 63  1 30334571 116.67802 39.90956
6527 61000125 8 268  1 12676425 116.39818 39.96872
6528 36284445 2 177  1 15086120 116.64488 40.32099
6529 35135220 6 269  1 87843855 116.77638 39.85434
6530 62254937 2 321  1 19688292 116.52206 39.78984
6531 30843095 1 145 60 1 446472 116.28122 39.86908
6532 36362307 2 299  1 1543415 117.20809 40.21005
6533 30917110 1 88 70 1 56930757 116.80808 39.94399
6534 35135221 6 89  1 87843855 116.77618 39.85433
6535 32941693 8 174  1 430960 116.32285 39.95938
6536 36284447 2 50  1 61632786 116.71156 40.09806
6537 62254938 2 64  1 19468934 116.5129 39.80765
6538 46923124 1 0 60 1 452259 116.36502 39.85526
6539 61000127 8 188  1 87757536 116.37942 39.96054
6540 30917111 1 178 60 1 294031 116.8107 39.9996
6541 32941694 1 355 15 1 42237652 116.32295 39.96063
6542 36362308 2 14  1 62274454 117.01366 40.20045
6543 35135249 8 321  1 334910 116.13188 39.93834
6544 46923125 1 180 70 1 87808674 116.36491 39.85465
6545 32941697 8 169  1 357290 116.32231 39.96346
6546 62254939 2 329  1 17223660 116.51328 39.80768
6547 36284448 2 271  1 88645469 116.67455 40.09605
6548 61000128 18 269  1 580972 116.43484 39.98928
6549 36362309 1 292 50 1 328271 116.04875 39.7895
6550 35135250 8 142  1 334911 116.13177 39.93829
6551 30917112 1 357 60 1 294028 116.81096 39.99955
6552 36737722 22 92  1 30016647 116.65603 39.90089
6553 36284449 2 271  1 71369607 116.65933 40.12996
6554 36362310 1 112 50 1 328271 116.04875 39.7895
6555 46923126 1 270 50 1 443379 116.37445 39.85729
6556 32941828 8 170  1 88252334 116.40743 39.96768
6557 30917113 1 148 70 1 41664427 116.81294 39.96476
6558 61000129 22 5  1 60395215 116.37982 39.93161
6559 36362311 2 270  1 85626542 116.25878 40.21353
6560 35135251 8 272  1 15086861 116.17149 39.92456
6561 46923127 1 85 50 1 29774109 116.37455 39.85685
6562 36737723 22 350  1 518154 116.65739 39.9103
6563 62254940 2 243  1 19362345 116.52831 39.78902
6564 34942237 1 269 50 1 70588667 116.25953 39.54773
6565 31166186 1 240 30 1 30220311 116.77615 40.32379
6566 46923128 1 180 60 1 87808678 116.37139 39.85638
6567 36284451 2 89  1 15588822 116.64518 40.32121
6568 36362312 2 346  1 70764017 116.28313 40.20726
6569 36737724 2 85  1 30334575 116.65739 39.90785
6570 35135252 8 92  1 39862383 116.17149 39.92446
6571 36308456 1 90 70 1 15778510 116.33948 39.93237
6572 46923129 1 0 60 1 87808677 116.3716 39.85707
6573 32941794 8 89  1 674903 116.41227 39.93336
6574 34595279 6 88  1 50035143 116.25859 40.22155
6575 30917114 1 275 50 1 16193791 116.45377 39.41758
6576 36362313 2 355  1 60923828 116.75551 40.13394
6577 46923131 1 149 50 1 87808706 116.31429 39.86066
6578 36737725 1 168 60 1 55061361 116.64387 39.90559
6579 32941702 8 88  1 70199266 116.3537 39.92348
6580 62254941 2 64  1 439585 116.54052 39.77359
6581 36284453 2 24  1 298356 116.68772 40.30528
6582 36362314 2 109  1 1908487 117.32779 40.20742
6583 30917115 1 95 50 1 16193791 116.45377 39.41758
6584 35135253 6 271  1 54342214 116.18896 39.75083
6585 46923132 1 352 30 1 446140 116.31203 39.87386
6586 36362315 2 180  1 70763819 116.28793 40.21774
6587 32941703 8 270  1 60885252 116.35253 39.92361
6588 36284454 2 355  1 17257407 116.64479 40.33128
6589 47051098 1 358 50 1 88044121 116.25731 40.00062
6590 30917116 1 266 50 1 18862958 116.46356 39.41705
6591 61000133 18 10  1 88743258 116.48796 40.17191
6592 35135254 6 91  1 54342216 116.18896 39.75077
6593 36737726 22 92  1 522730 116.64782 39.90126
6594 36362316 2 89  1 1453755 116.28723 40.22192
6595 60880096 1 117 60 1 526773 115.94104 40.00709
6596 32941704 8 88  1 70199264 116.35168 39.92344
6597 46923133 1 174 60 1 87808711 116.31149 39.87382
6598 36781503 1 269 40 1 794306 116.56733 40.10863
6599 32993721 1 72 30 1 9000001338320 115.83425 40.4822
6600 35135255 1 224 40 1 49859981 116.66521 40.12073
6601 61000134 18 11  1 1762500 116.48959 40.18095
6602 36284455 2 177  1 299030 116.64497 40.31695
6603 36737727 22 93  1 538041 116.65113 39.90112
6604 30917117 1 86 50 1 18862958 116.4636 39.41705
6605 46923134 1 175 80 1 87808722 116.31057 39.88407
6606 62254944 2 258  1 19362415 116.50963 39.78084
6607 36362318 2 135  1 32159360 116.48423 40.00915
6608 35135256 1 54 40 1 771967 116.66392 40.11965
6609 61000135 18 178  1 732526 116.48155 40.07966
6610 60968109 2 275  1 775410 116.63765 40.15027
6611 46923249 1 297 40 1 85537924 116.36945 40.70223
6612 36362319 2 299  1 17230642 116.4881 40.00536
6613 46923136 1 246 70 1 87808724 116.31317 39.88595
6614 36284457 2 358  1 299109 116.64513 40.31392
6615 61000140 1 9 50 1 14655768 116.1395 39.62551
6616 30917118 1 285 60 1 16336951 116.34383 39.43351
6617 36737728 22 93  1 538041 116.65223 39.90107
6618 62254945 2 64  1 406030 116.53055 39.78567
6619 36284458 2 34  1 17257344 116.62743 40.30716
6620 30917119 1 105 60 1 16336953 116.34382 39.43342
6621 32941706 8 268  1 60394924 116.34605 39.92339
6622 35135270 1 357 100 1 12666227 116.54326 39.9236
6623 36362320 2 270  1 71970037 116.4636 40.005
6624 36744959 2 160  1 17230935 116.6433 40.03558
6625 61000141 1 189 50 1 14655768 116.1395 39.62551
6626 32944029 1 175 50 1 481017 115.84356 40.14654
6627 30917120 1 350 50 1 482235 116.65821 39.93584
6628 35135271 1 342 50 1 84961394 116.64087 40.13241
6629 32941707 8 269  1 87767263 116.34138 39.92325
6630 36362321 2 262  1 734203 116.4633 40.00107
6631 46923137 1 358 60 1 87808736 116.34881 39.89306
6632 36744960 2 350  1 71713097 116.6436 40.03491
6633 36362205 2 187  1 61800852 116.70908 39.8876
6634 61000149 15 180  1 70198892 116.31021 39.90688
6635 36284462 2 274  1 71369617 116.66524 40.12979
6636 62254946 2 65  1 406035 116.53325 39.787
6637 32941710 1 178 50 1 13474060 116.356 39.92347
6638 36744961 1 53 100 1 71713136 116.64866 40.02814
6639 30917121 1 171 50 1 87915551 116.65775 39.93588
6640 36308740 2 266  1 623698 116.45164 39.90395
6641 36362322 2 88  1 724658 116.46236 40.00089
6642 62254947 2 245  1 19362279 116.52359 39.79525
6643 35166221 1 0 60 1 395323 116.29749 39.92321
6644 36284463 22 264  1 776683 116.70076 40.13325
6645 32941711 8 270  1 14190356 116.34209 39.93248
6646 30917122 1 327 50 1 468786 115.86444 40.47628
6647 35166222 1 262 40 1 9000001494658 116.79919 39.59397
6648 61003093 22 269  1 50035179 116.26532 40.22184
6649 36284464 2 270  1 71369599 116.65211 40.13003
6650 36744962 2 186  1 15500681 117.00854 40.06273
6651 46923139 1 356 60 1 446079 116.31061 39.88992
6652 30917124 1 48 60 1 343344 115.87276 40.35915
6653 36362323 2 182  1 723210 116.46281 40.00138
6654 35166223 1 82 40 1 9000001494658 116.7992 39.59397
6655 32941712 8 91  1 15778513 116.34207 39.93237
6656 36276374 23 90  1 623263 116.46133 39.91463
6657 36284466 2 2  1 40385597 116.6374 40.26376
6658 36362324 22 2  1 723213 116.46292 40.00141
6659 36744963 2 268  1 71713084 116.64376 40.03521
6660 61023107 1 292 80 1 60840380 116.61535 39.89295
6661 30917125 1 228 60 1 343344 115.87275 40.35914
6662 46923140 1 94 70 1 87808776 116.34288 39.88963
6663 36284467 2 180  1 61078446 116.82643 40.37876
6664 36362325 2 1  1 724669 116.4629 40.00053
6665 35166225 6 137  1 88712673 116.91774 39.67209
6666 36744964 2 6  1 402223 117.00856 40.0617
6667 61023108 1 112 80 1 60840377 116.61526 39.89283
6668 36362326 22 88  1 724658 116.46198 40.00088
6669 46923141 1 273 70 1 87808778 116.34243 39.8898
6670 35166237 1 358 50 1 495159 116.35298 39.89661
6671 36281957 2 359  1 376890 117.13317 40.15381
6672 62359963 1 333 40 1 606581 115.96499 40.46668
6673 36744965 2 56  1 57973655 116.62063 39.85572
6674 30928154 1 227 40 1 372974 116.46098 40.68272
6675 60968110 2 270  1 781418 116.66945 40.11216
6676 36285035 2 165  1 14760733 116.68224 40.40899
6677 30917129 1 24 50 1 30015816 115.98568 40.36479
6678 36744966 2 88  1 557122 116.49101 39.8609
6679 36362328 2 112  1 584477 116.48192 40.01075
6680 32941714 8 270  1 14190346 116.34833 39.93247
6681 35166247 1 321 50 1 9000000011970 116.67007 39.91321
6682 36285036 2 331  1 17307865 116.68792 40.39696
6683 46923142 1 270 60 1 87808780 116.35099 39.88338
6684 30917130 1 204 50 1 30015816 115.98567 40.36477
6685 36290643 2 0  1 61585347 116.65276 40.17923
6686 36362329 22 90  1 32159115 116.4636 40.01146
6687 62254950 9 294  1 416691 116.52074 39.77241
6688 61023118 23 85  1 88051169 116.40234 39.76599
6689 32941715 8 90  1 85518214 116.35121 39.93233
6690 30917131 1 287 50 1 20165664 115.96001 40.37208
6691 46923143 1 89 60 1 87808781 116.351 39.88327
6692 36744968 1 270 100 1 87659189 116.6289 40.02163
6693 35166248 1 141 50 1 55137499 116.66985 39.91316
6694 36285037 2 85  1 71369325 116.79765 40.21225
6695 61023201 2 166  1 61790984 116.67633 39.99318
6696 62254951 2 244  1 19362317 116.52201 39.79022
6697 35166249 8 268  1 70610492 116.66437 39.90845
6698 36362331 2 182  1 730626 116.4577 40.00147
6699 30917132 1 146 80 1 88541962 116.31587 40.07105
6700 36744969 1 6 50 1 14443669 116.48612 39.85245
6701 36255118 2 150  1 49911692 116.53923 40.08124
6702 61023202 2 347  1 19693748 116.6766 39.99265
6703 36285038 2 43  1 573541 116.65999 40.36007
6704 62254952 2 93  1 19362393 116.51196 39.78126
6705 35166250 6 265  1 41959808 116.65278 39.90762
6706 46923144 1 0 60 1 87808785 116.37453 39.8738
6707 32944032 1 328 50 1 50048416 116.0296 39.8807
6708 32941717 8 90  1 38998999 116.36114 39.93233
6709 36285040 2 89  1 71369381 116.67557 40.21205
6710 36730353 2 113  1 54282519 115.97225 39.71325
6711 36744970 2 88  1 71713090 116.64333 40.03512
6712 30928035 1 94 50 1 15339514 116.74849 40.06427
6713 62254953 2 141  1 413620 116.53252 39.77006
6714 36285041 2 62  1 576414 116.6728 40.36677
6715 35168218 1 175 60 1 246762 116.99626 39.80294
6716 61023203 2 302  1 70619995 116.7706 39.8431
6717 30928036 1 274 60 1 15339514 116.74849 40.06427
6718 32941718 8 269  1 357285 116.36227 39.93247
6719 36744971 2 170  1 71713155 116.64498 40.02642
6720 36285042 2 56  1 49796683 116.65207 40.35204
6721 46923147 1 90 80 1 87808789 116.35778 39.86827
6722 62254954 2 321  1 413621 116.52961 39.77366
6723 62314244 2 0  1 392649 116.3069 39.68759
6724 36362333 18 90  1 88026183 116.40246 40.02238
6725 35168219 1 356 60 1 246736 116.9964 39.80294
6726 32941720 1 286 70 1 365512 116.35055 39.94415
6727 36285043 2 345  1 61585398 116.82999 40.20498
6728 30928037 1 87 70 1 421472 116.2861 39.95715
6729 35168229 1 271 90 1 600064 116.37606 40.02289
6730 36362334 2 90  1 71970020 116.46705 40.00489
6731 36285044 2 270  1 71369395 116.66053 40.21249
6732 62242301 2 243  1 60921662 116.59326 40.29297
6733 62254955 2 141  1 413618 116.52896 39.77446
6734 61087006 8 267  1 12644743 116.37446 39.85713
6735 30928038 1 178 80 1 395331 116.29655 39.92491
6736 46923148 1 270 80 1 87808788 116.35672 39.8684
6737 36285045 2 92  1 71369362 116.7186 40.21308
6738 35168230 1 90 90 1 735616 116.3763 40.02272
6739 36362335 2 318  1 30419769 116.54234 40.07123
6740 36744974 1 198 100 1 49235502 116.70873 39.87917
6741 61087007 8 87  1 12644745 116.37461 39.85701
6742 36285046 2 240  1 17308039 116.67387 40.3675
6743 30928039 1 188 70 1 415386 116.27539 39.95362
6744 36285049 2 298  1 412896 116.83013 40.20521
6745 35208211 6 272  1 40416631 116.24913 39.94744
6746 36744975 1 301 40 1 88082007 116.54029 39.84774
6747 46923251 1 214 50 1 18059737 116.35944 40.70368
6748 36285048 2 176  1 395804 116.79783 40.21269
6749 46923149 1 266 80 1 87808807 116.31165 39.86741
6750 34552500 1 94 70 1 18784350 116.28039 39.45873
6751 36362336 2 225  1 32092546 116.54213 40.07172
6752 36419338 2 250  1 17398631 116.3039 40.06153
6753 30928040 1 174 70 1 395291 116.27506 39.95956
6754 32941723 1 151 70 1 86035704 116.33652 39.95095
6755 35208212 6 93  1 300079 116.24915 39.94728
6756 46800345 1 89 70 1 88739468 116.5731 40.11749
6757 36290678 2 90  1 50040591 116.653 40.17941
6758 46923150 1 85 80 1 87808809 116.31197 39.8673
6759 36362337 2 89  1 697918 116.34761 40.00764
6760 30928041 1 301 60 1 32221020 116.46329 39.97573
6761 61087009 8 180  1 12644765 116.31021 39.90231
6762 36744977 1 358 100 1 49089110 116.70902 39.91623
6763 36285050 2 180  1 395831 116.87156 40.20048
6764 30929168 1 117 60 1 261357 116.85763 39.74151
6765 32941724 8 353  1 421369 116.33516 39.95881
6766 36362338 2 270  1 697917 116.3434 40.00761
6767 62254957 2 32  1 19362175 116.50826 39.78749
6768 35208213 1 158 80 1 40387206 116.27002 40.16953
6769 30928044 1 270 60 1 12566696 116.30805 39.98546
6770 46923151 1 90 70 1 87808817 116.34928 39.8977
6771 36744978 2 170  1 71713113 116.6444 40.02973
6772 36285051 2 240  1 70618456 116.66048 40.36061
6773 36580384 2 355  1 28016863 116.55075 40.11205
6774 30928047 1 268 50 1 668679 116.40164 39.99484
6775 32941725 8 174  1 404816 116.33474 39.96098
6776 35208214 1 86 80 1 40387217 116.26361 40.16702
6777 36362339 5 24  1 9017242 116.33835 40.00092
6778 46777260 1 114 60 1 85731761 116.05803 40.42562
6779 62254958 2 142  1 41577451 116.51207 39.79001
6780 36285052 2 319  1 61585272 116.64946 40.23206
6781 36362340 8 188  1 695391 116.31518 40.00453
6782 36418243 1 247 50 1 25856127 116.48529 39.95718
6783 30928048 1 88 60 1 32234269 116.3885 39.98767
6784 35249220 6 277  1 9000001248232 116.10785 39.68361
6785 61087011 8 0  1 60885611 116.31044 39.89721
6786 32941727 8 174  1 87767273 116.33436 39.96479
6787 36285053 2 83  1 40392503 116.65964 40.21232
6788 30928049 1 358 70 1 683156 116.38743 39.9916
6789 36746692 2 200  1 62385995 116.77783 39.81694
6790 46923153 1 270 70 1 62237979 116.36994 39.88933
6791 62254959 2 321  1 41577453 116.5127 39.7896
6792 30928050 1 90 50 1 677975 116.38698 39.9943
6793 35249221 6 97  1 9000001248309 116.10785 39.68349
6794 32941729 8 356  1 70040466 116.33417 39.96918
6795 36362341 2 111  1 71874164 116.50554 40.00098
6796 36285054 2 273  1 71369360 116.73187 40.21266
6797 30843080 1 358 50 1 12962295 116.39391 39.94559
6798 61087012 8 244  1 15086808 116.271 39.87194
6799 35249222 1 266 50 1 252250 116.87565 39.71163
6800 46923157 1 0 60 1 87913446 116.37449 39.88081
6801 62254960 2 77  1 19362799 116.53741 39.77723
6802 36362342 2 289  1 757337 116.50595 40.00092
6803 30928055 1 250 70 1 279895 116.6634 40.32319
6804 31204193 1 53 50 1 9000001273865 117.25786 40.17837
6805 46923158 1 176 60 1 62269842 116.37427 39.88081
6806 36285056 2 196  1 88703182 116.67618 40.21234
6807 61087013 8 64  1 12644756 116.27117 39.87177
6808 32941730 8 177  1 14190144 116.33388 39.97136
6809 36362343 23 354  1 689295 116.37478 40.01793
6810 62016153 2 356  1 197534 116.40885 39.70947
6811 30928056 1 70 40 1 298371 116.66346 40.32306
6812 62254961 2 321  1 49048937 116.51961 39.79286
6813 46923159 1 270 80 1 87913456 116.31286 39.89709
6814 36746694 1 306 90 1 12530933 116.50219 39.82163
6815 36285057 2 177  1 70620774 116.73152 40.21304
6816 35249223 1 282 50 1 406613 116.33277 39.70102
6817 36362344 23 177  1 40005778 116.37464 40.0174
6818 46923160 1 90 80 1 87913458 116.31285 39.89695
6819 61087014 8 259  1 496665 116.29824 39.88039
6820 30928057 1 17 50 1 49859738 116.64166 40.28512
6821 36746695 1 124 90 1 40385855 116.50221 39.82143
6822 35285208 1 268 50 1 684757 116.39 39.99452
6823 36362345 22 182  1 20277470 116.64134 40.12795
6824 46923161 1 0 50 1 87913462 116.31052 39.89719
6825 36414886 2 90  1 61883974 116.47708 39.8843
6826 32941733 1 90 50 1 410650 116.34703 39.96746
6827 30928058 1 15 70 1 49859663 116.64158 40.28516
6828 36746696 1 300 60 1 18396290 116.73408 39.63494
6829 61087015 8 79  1 12644722 116.29821 39.88025
6830 36362346 2 168  1 49964185 116.54336 40.10474
6831 35283209 1 174 80 1 49044444 116.27526 39.95954
6832 36285059 2 264  1 71369329 116.80167 40.21265
6833 31166193 1 283 50 1 329103 116.84598 40.40207
6834 46923162 1 0 80 1 87913459 116.31044 39.89719
6835 35283210 8 90  1 13884538 116.31557 39.93232
6836 34942241 1 345 30 1 60394797 116.39293 39.55552
6837 30928059 1 193 100 1 49859636 116.64323 40.295
6838 61087016 8 68  1 62237444 116.30567 39.88248
6839 62254963 2 257  1 19362813 116.53219 39.77613
6840 36746697 18 121  1 14728398 116.66996 39.76014
6841 32941734 1 176 50 1 457022 116.35633 39.90701
6842 36362347 2 90  1 61973535 116.65863 40.11206
6843 36285061 2 92  1 29692350 116.67644 40.21205
6844 46923163 1 180 80 1 60885609 116.31022 39.89685
6845 30928060 1 22 70 1 280328 116.64457 40.29793
6846 32941735 1 357 50 1 457024 116.35673 39.90736
6847 35283211 8 270  1 398422 116.31555 39.93244
6848 36362348 22 90  1 50109066 116.66635 40.1086
6849 61087017 8 247  1 496660 116.3055 39.88255
6850 46923164 1 180 50 1 62237930 116.31012 39.89683
6851 36285442 1 90 50 1 991187 116.5396 40.2407
6852 36285062 2 347  1 9000001325632 116.68145 40.41303
6853 62254964 2 242  1 19362860 116.53632 39.77164
6854 36362349 2 356  1 807242 116.5421 40.11842
6855 30928061 1 199 70 1 49859683 116.64433 40.29799
6856 61087019 8 177  1 12644757 116.31023 39.88984
6857 32941740 1 178 50 1 87767398 116.35331 39.9618
6858 36285063 2 158  1 14760720 116.68113 40.41377
6859 36362350 2 8  1 776999 116.62921 40.13605
6860 46923165 1 0 60 1 444519 116.3106 39.90239
6861 35283212 1 253 80 1 366567 116.36409 39.94612
6862 36746700 18 126  1 12651008 116.79152 39.65759
6863 62254965 2 320  1 404575 116.50937 39.80542
6864 30928102 1 352 70 1 86773258 116.95092 39.94659
6865 32941741 1 180 70 1 410655 116.35346 39.9618
6866 35283213 6 74  1 403155 116.36015 39.94474
6867 46923166 1 178 60 1 87913467 116.31002 39.9024
6868 62254966 2 325  1 19362398 116.51288 39.78101
6869 61087020 1 180 80 1 60885677 116.31022 39.89332
6870 30928103 1 172 70 1 86773259 116.95076 39.94654
6871 36466616 2 225  1 808428 116.58387 39.99418
6872 36746701 18 302  1 58947030 116.67017 39.76027
6873 36362351 2 312  1 764288 116.67564 40.12419
6874 30928139 1 11 60 1 351524 116.11303 39.91467
6875 36285065 2 346  1 71369327 116.80145 40.21233
6876 30928104 1 77 40 1 16303046 117.01257 39.74973
6877 46923167 1 271 70 1 87913482 116.31439 39.90759
6878 61087021 18 187  1 12644694 116.2741 39.91336
6879 32941742 1 358 50 1 410661 116.35513 39.9615
6880 36362352 2 48  1 40040888 116.6703 40.12762
6881 35283214 8 88  1 14190231 116.33914 39.92303
6882 62254967 2 283  1 19688279 116.50813 39.78487
6883 46923168 1 90 70 1 87913484 116.31433 39.90744
6884 30928105 1 258 60 1 16303052 117.01256 39.74985
6885 32941743 8 74  1 401681 116.36325 39.94571
6886 36362353 2 270  1 85708571 116.65174 40.11746
6887 61087022 8 64  1 12644696 116.2647 39.86865
6888 62254968 2 140  1 393468 116.50051 39.7976
6889 36746702 1 293 100 1 459891 116.57565 39.83231
6890 36362354 2 187  1 777001 116.62919 40.13702
6891 30928106 1 351 60 1 238582 117.01145 39.74583
6892 46932366 1 249 70 1 85779846 115.81243 40.45452
6893 35283215 8 88  1 416066 116.34291 39.92315
6894 46923173 1 270 40 1 87913558 116.53898 39.88288
6895 36362355 2 91  1 61676212 116.68014 40.1034
6896 32941744 8 67  1 40428885 116.36731 39.94711
6897 62254969 2 318  1 19362119 116.51561 39.80421
6898 30928107 1 171 50 1 238582 117.01145 39.74582
6899 61087023 1 145 80 1 60885687 116.3143 39.86091
6900 35283216 8 358  1 12645711 116.35632 39.92379
6901 36362356 2 93  1 15341575 116.65658 40.14053
6902 34942242 1 38 50 1 56959899 116.95706 39.68685
6903 36419340 2 162  1 692226 116.2666 40.02086
6904 36746703 1 319 40 1 14423820 116.51139 39.82301
6905 32918621 8 274  1 14273087 116.53456 39.91664
6906 32941745 8 354  1 70040506 116.37173 39.95192
6907 36362357 1 269 40 1 781590 116.62621 40.12897
6908 30928108 1 282 60 1 18815661 117.03858 39.71436
6909 46923174 1 90 40 1 87913561 116.53895 39.88274
6910 35283218 8 356  1 408599 116.35581 39.93565
6911 36362358 2 176  1 784496 116.6877 40.10906
6912 36746704 1 135 40 1 14423819 116.51137 39.82303
6913 32941746 8 176  1 42237598 116.37146 39.95297
6914 36285072 2 168  1 71369332 116.80131 40.21297
6915 35415250 22 278  1 14424735 116.58918 39.68607
6916 62254970 2 319  1 438067 116.52831 39.78869
6917 36362359 2 167  1 84961437 116.64122 40.13025
6918 61087024 1 149 50 1 87808706 116.31417 39.86086
6919 36362360 2 359  1 61676251 116.67426 40.10602
6920 36285073 2 86  1 62338148 116.88247 40.20089
6921 46923180 1 207 60 1 87913793 116.61603 40.04164
6922 36466617 2 176  1 808420 116.58148 39.97907
6923 35283219 8 177  1 404711 116.35562 39.93566
6924 32941747 8 355  1 365222 116.37104 39.95922
6925 30928111 1 85 60 1 242503 117.061 39.71567
6926 31140291 1 19 60 1 313489 116.20839 39.68004
6927 36285076 2 11  1 422810 116.79688 40.25438
6928 62254972 2 311  1 453603 116.54459 39.77035
6929 46923181 1 212 70 1 87913796 116.61592 40.04165
6930 30928114 1 338 50 1 18914105 117.02767 39.74763
6931 61087025 1 123 80 1 70048894 116.32387 39.85086
6932 36749045 2 98  1 327109 116.12323 39.7931
6933 36362362 2 271  1 20277295 116.6495 40.13005
6934 31204196 1 272 50 1 9000000138949 117.13627 40.13641
6935 36285077 2 355  1 572050 116.68259 40.40789
6936 46923182 1 266 70 1 87913801 116.61146 40.0464
6937 62254973 2 141  1 19362884 116.54051 39.77386
6938 32941748 8 175  1 42237586 116.37083 39.95993
6939 46923184 1 207 60 1 87913941 116.53589 40.04694
6940 36749046 2 154  1 54342897 116.01312 39.70867
6941 30928115 1 158 50 1 18914105 117.02768 39.7476
6942 61087026 8 110  1 60885763 116.32608 39.84978
6943 60938105 1 214 60 1 60422197 116.16324 39.76274
6944 36354439 1 347 40 1 293991 116.79675 39.93082
6945 32941749 8 175  1 421337 116.37055 39.96295
6946 36285079 2 153  1 86387267 116.68731 40.39793
6947 35283221 1 267 60 1 50035144 116.25741 40.22161
6948 62254974 2 245  1 19241003 116.50007 39.78386
6949 30928118 1 345 40 1 86902462 117.01101 40.03214
6950 61087027 18 90  1 60885698 116.33341 39.84888
6951 36749047 2 343  1 475039 116.17799 39.82184
6952 36362364 2 180  1 27943162 116.62936 40.11807
6953 35283222 1 288 70 1 54364997 115.9223 39.60685
6954 46923185 1 228 60 1 9000001304461 116.50987 40.00935
6955 36285080 2 236  1 41535709 116.65261 40.35254
6956 62254975 2 245  1 19362328 116.52604 39.7921
6957 36362365 2 358  1 61200741 116.65124 40.1216
6958 30928119 1 168 40 1 414610 117.01091 40.03212
6959 61087028 8 90  1 60885698 116.33338 39.84888
6960 32941751 8 359  1 358055 116.3701 39.97391
6961 36749048 2 269  1 72516736 116.16118 39.80148
6962 35283223 1 108 70 1 289998 115.92227 39.60678
6963 36285081 2 267  1 41535743 116.87187 40.20023
6964 36276320 1 86 50 1 612702 116.41375 39.87191
6965 36362366 2 88  1 71369589 116.65086 40.12182
6966 46923186 1 45 120 1 87913958 116.50295 40.00149
6967 30928120 1 143 30 1 86344868 117.09449 40.02201
6968 62254976 2 285  1 418345 116.51084 39.76792
6969 35283224 1 107 60 1 419037 115.95387 39.73399
6970 36362367 2 92  1 775080 116.65669 40.13342
6971 32941752 8 89  1 32092784 116.37861 39.90714
6972 36285432 2 271  1 28016672 116.53133 40.21448
6973 36749049 2 228  1 72516761 116.15069 39.79886
6974 30928121 1 174 60 1 9000000783936 116.82281 40.04613
6975 62254977 2 285  1 19688077 116.5067 39.76904
6976 35283225 1 287 60 1 419037 115.95387 39.73399
6977 32941755 8 89  1 32092809 116.407 39.90785
6978 36285433 2 165  1 61200815 116.40242 40.20708
6979 36362370 2 3  1 61200743 116.65132 40.1255
6980 30928122 1 359 40 1 346491 116.82321 40.04121
6981 61087030 8 73  1 12644684 116.35978 39.85347
6982 40697147 1 0 80 1 30015444 116.3489 39.88989
6983 32944039 1 86 40 1 50101221 116.10461 39.94869
6984 32941756 8 268  1 30261149 116.40638 39.90798
6985 36749051 2 267  1 60422176 116.12911 39.79237
6986 62254978 2 321  1 425666 116.50003 39.80532
6987 30928123 1 179 60 1 346491 116.82321 40.04122
6988 46923188 1 67 120 1 15154692 116.52115 40.01669
6989 62254998 2 141  1 416779 116.5088 39.80613
6990 36362371 2 88  1 69973392 116.64083 40.12358
6991 61087031 1 74 80 1 12644684 116.35973 39.85346
6992 36308439 2 319  1 700139 116.27668 40.02795
6993 36749052 2 268  1 54231869 116.0114 39.70852
6994 32870596 1 263 60 1 87901737 116.26864 40.04884
6995 36285435 2 82  1 19953197 116.40683 40.17677
6996 32941759 8 88  1 39862396 116.41255 39.90799
6997 35283227 8 256  1 12666260 116.23822 39.92539
6998 36362372 2 0  1 15341739 116.66128 40.09814
6999 61087032 18 271  1 60885727 116.33108 39.84903
7000 36749053 2 172  1 54342904 116.01128 39.70864
7001 32941763 8 268  1 625497 116.41743 39.90825
7002 35283228 1 67 70 1 87808726 116.31317 39.88583
7003 36285436 2 108  1 71369422 116.50128 40.16989
7004 46923192 1 171 50 1 87914045 116.58962 40.06298
7005 36749054 2 267  1 72516751 116.15596 39.80116
7006 36362373 2 184  1 15851768 116.64041 40.10019
7007 30928125 1 202 60 1 18865945 116.79061 40.03036
7008 32941766 8 268  1 636723 116.42224 39.90838
7009 61087033 15 318  1 60885731 116.31713 39.85783
7010 36285437 2 271  1 18061117 116.55771 40.24062
7011 62254980 2 142  1 416793 116.52315 39.79533
7012 46923194 1 90 60 1 87914072 116.58788 40.06031
7013 32941770 8 88  1 29880432 116.42742 39.90834
7014 36730361 2 153  1 15076167 115.99486 39.74212
7015 35283229 8 65  1 87808726 116.31312 39.88581
7016 32944040 1 346 60 1 87901512 116.10711 39.94674
7017 30928127 1 133 60 1 363248 116.80825 40.02989
7018 36749055 2 49  1 72516760 116.1503 39.7983
7019 36362374 2 90  1 72611097 116.61562 40.11752
7020 32941772 8 269  1 613737 116.43058 39.90853
7021 35283230 8 91  1 446920 116.33253 39.88986
7022 46923195 1 246 60 1 53667999 116.5925 40.05537
7023 36285438 2 183  1 983668 116.55743 40.24089
7024 61087034 1 326 50 1 449195 116.31455 39.86112
7025 30928128 1 183 60 1 9000001283743 116.80646 40.04836
7026 36749056 2 251  1 72516781 116.14511 39.79549
7027 61087052 23 90  1 87913457 116.3129 39.89695
7028 36362375 2 4  1 780160 116.64535 40.12161
7029 32941774 6 269  1 635757 116.43937 39.90345
7030 62254981 2 321  1 19362133 116.51198 39.80216
7031 36285439 2 184  1 49854873 116.53113 40.2105
7032 62314250 2 345  1 14640557 116.28209 39.7389
7033 36749057 2 83  1 20267485 116.16108 39.80992
7034 30928130 1 220 80 3 457718 117.25114 40.66901
7035 35283231 7 214  1 357822 116.62765 39.7929
7036 36362376 2 286  1 20277597 116.67113 40.12769
7037 46923196 1 60 60 1 87914075 116.59232 40.05516
7038 32922743 1 1 70 1 18064488 116.53108 40.20371
7039 62254982 2 321  1 15812678 116.50672 39.8087
7040 36285440 2 268  1 31741213 116.49646 40.20963
7041 32941777 8 270  1 39862386 116.4414 39.90856
7042 36362213 2 267  1 72305298 116.24494 40.21308
7043 35283232 1 242 60 1 26204207 117.0445 39.75369
7044 36362377 2 2  1 20277706 116.66926 40.10842
7045 36749058 2 260  1 60422180 116.13568 39.79336
7046 30928131 1 148 100 2 489663 117.25918 40.64868
7047 61087035 1 327 80 1 12644677 116.3144 39.86104
7048 32941779 8 90  1 32246169 116.44459 39.90842
7049 36285441 2 86  1 49854901 116.59275 40.21183
7050 46923197 1 351 60 1 87914081 116.59384 40.05597
7051 36362378 2 270  1 61676261 116.68119 40.10884
7052 35283233 1 64 40 1 26204209 117.04454 39.75356
7053 36749059 2 280  1 327113 116.12403 39.79318
7054 62254983 2 64  1 19362007 116.50871 39.80565
7055 61087037 1 180 40 1 60885999 116.31379 39.79586
7056 32944041 1 156 60 1 87901501 116.10681 39.94703
7057 46923198 1 171 60 1 15441835 116.59372 40.05592
7058 32941780 8 270  1 70610132 116.44521 39.90854
7059 35283234 1 258 70 1 86773360 116.96983 39.96333
7060 30928132 1 264 50 1 32323213 116.57781 39.73899
7061 36749061 2 257  1 20267484 116.16141 39.81004
7062 36362379 2 2  1 773544 116.64047 40.09928
7063 46923201 1 191 40 1 87914092 116.5933 40.057
7064 35285213 8 359  1 87757650 116.40813 39.95583
7065 30928133 1 84 50 1 32323213 116.57778 39.73898
7066 62254984 2 142  1 19362403 116.51216 39.78179
7067 36285443 2 359  1 1001623 116.53114 40.21787
7068 61087038 1 268 70 1 510408 116.34889 39.83965
7069 46923202 1 13 50 1 87914093 116.5933 40.057
7070 36362380 2 166  1 27943126 116.66072 40.10335
7071 30928136 1 189 50 1 50035456 116.3514 40.19983
7072 32941782 8 91  1 32246177 116.44853 39.9084
7073 35283235 1 68 70 1 86811475 117.02373 39.97745
7074 36362382 2 180  1 15341840 116.62931 40.1085
7075 46923241 1 333 40 1 16594476 116.15453 40.6541
7076 61087039 1 180 60 1 502370 116.35901 39.83626
7077 62254985 2 102  1 19688278 116.50979 39.78452
7078 30928138 1 181 50 1 1522855 116.34779 40.17081
7079 36362383 2 323  1 355154 116.00224 40.46011
7080 36285444 2 332  1 15076206 116.12822 40.17206
7081 46923242 1 153 60 1 85537837 116.1545 40.65415
7082 35283236 1 171 40 1 18866652 117.04806 39.99781
7083 36749064 2 90  1 61884341 116.16549 39.80144
7084 32941784 8 269  1 618328 116.4534 39.90854
7085 62254986 2 21  1 19688346 116.50723 39.78461
7086 61087040 1 266 70 1 12857426 116.35519 39.84
7087 36749065 2 80  1 70619896 116.13507 39.79308
7088 46923243 1 313 60 1 16594480 116.17827 40.65918
7089 36285445 2 271  1 69595969 116.60006 40.23968
7090 36308441 2 255  1 71369486 116.24152 40.07946
7091 35283239 1 270 60 1 336949 116.15926 39.92441
7092 36749066 2 182  1 471920 116.12885 39.79248
7093 35285214 8 180  1 40040694 116.40776 39.96277
7094 30928140 1 192 60 1 351564 116.11281 39.91479
7095 46923244 1 125 60 1 85537849 116.17827 40.65918
7096 62253802 1 267 40 1 87729173 116.44986 39.91339
7097 61087041 23 270  1 49065409 116.33914 39.849
7098 36730372 7 88  1 87915708 116.68983 39.92352
7099 36362385 22 140  1 391244 116.57898 40.29114
7100 36276323 1 177 40 1 720573 116.41155 39.90642
7101 36749067 2 74  1 428309 115.99586 39.69897
7102 30928141 1 55 60 1 50048451 116.10904 39.89497
7103 32941789 8 88  1 29880412 116.38259 39.93301
7104 36285448 2 351  1 42142579 116.40562 40.19277
7105 46923245 1 75 50 1 85537899 116.2936 40.65966
7106 36593916 2 1  1 71759641 116.40736 39.70681
7107 61087042 23 90  1 12644674 116.33914 39.84885
7108 30928142 1 46 60 1 87717158 115.77811 39.9985
7109 36749068 1 180 70 1 71230535 116.13232 39.936
7110 36362386 22 123  1 386148 116.60126 40.30651
7111 62254988 2 242  1 26173841 116.51343 39.80796
7112 36419361 2 78  1 70769611 116.30652 40.06658
7113 32941790 8 87  1 684401 116.39227 39.93338
7114 36285449 2 270  1 28016669 116.53136 40.2182
7115 36781498 1 120 70 1 42467638 116.57361 40.12824
7116 30928143 1 226 60 1 87717158 115.7781 39.9985
7117 46923246 1 256 50 1 85537898 116.2936 40.65966
7118 36362387 15 268  1 462392 117.0532 40.38639
7119 32941791 8 271  1 680501 116.39455 39.93354
7120 61087043 23 302  1 507493 116.324 39.85095
7121 36285450 2 0  1 49854874 116.53114 40.21432
7122 62254989 2 105  1 418348 116.50966 39.76808
7123 36781499 18 294  1 569495 116.13867 40.24934
7124 46923247 1 346 50 1 85537900 116.29488 40.66157
7125 30928144 1 13 50 1 352301 116.02681 39.89738
7126 35283243 1 96 100 1 1663813 116.40255 40.15829
7127 36362388 2 202  1 387870 117.15168 40.56597
7128 32941792 8 90  1 684380 116.39821 39.93338
7129 61087044 23 123  1 70048894 116.32389 39.85085
7130 36781500 1 89 40 1 794306 116.56734 40.10863
7131 36413322 1 327 80 3 50041557 116.63919 41.07816
7132 62254990 2 144  1 455143 116.52636 39.78423
7133 30928145 1 193 50 1 352301 116.02681 39.89738
7134 36285451 2 274  1 995751 116.61927 40.21211
7135 46923248 1 162 50 1 30016337 116.29486 40.66163
7136 36781501 18 297  1 268724 116.05299 40.31059
7137 61087045 23 327  1 12644677 116.31445 39.86097
7138 36414882 2 178  1 40385298 116.17262 39.72371
7139 35283249 1 357 40 1 49966241 116.37228 39.85739
7140 36781502 1 278 40 1 352766 116.01601 40.45468
7141 30928147 1 53 60 1 87409384 116.0932 39.88107
7142 62254991 2 244  1 392036 116.53101 39.78625
7143 61087046 23 145  1 60885687 116.31427 39.86094
7144 30928148 1 241 60 1 87409387 116.09311 39.88127
7145 31166203 1 176 40 1 376559 116.34476 39.74179
7146 36285677 1 88 60 1 41575416 116.3566 39.98152
7147 32941795 8 90  1 17478470 116.42161 39.9336
7148 36414883 1 180 80 1 12634685 116.48967 39.88701
7149 30928153 1 232 50 1 20123988 116.46913 40.68334
7150 36781504 1 299 40 1 42467636 116.57378 40.12829
7151 62254992 2 141  1 41577460 116.51704 39.78386
7152 46923250 1 117 40 1 85537925 116.36945 40.70223
7153 36285678 1 268 60 1 41575410 116.36424 39.98186
7154 32941799 6 269  1 615986 116.45573 39.91351
7155 35283252 1 189 60 1 631840 116.48743 39.86478
7156 30475106 1 268 50 1 327470 116.33575 39.83092
7157 36781505 18 321  1 268724 116.05771 40.30565
7158 32941800 8 279  1 87757780 116.44148 39.92413
7159 30928155 1 66 40 1 85538116 116.41114 40.5312
7160 62254993 2 246  1 19362801 116.53767 39.77738
7161 36285679 2 0  1 362603 116.31041 39.92298
7162 35283253 21 278 100 1 29691573 116.55719 40.03976
7163 40697150 1 0 80 1 12644769 116.27412 39.89007
7164 30928156 1 5 40 1 20123984 116.5282 40.6486
7165 32941801 8 98  1 87757778 116.44146 39.92401
7166 62254994 2 314  1 12676467 116.53772 39.7771
7167 36781507 2 195  1 575278 116.13818 40.24442
7168 35283254 20 98 100 1 29691571 116.55703 40.03964
7169 30928164 1 118 50 1 32629904 115.90832 40.38813
7170 36285680 1 88 60 1 71777789 116.36424 39.98176
7171 36414885 23 267  1 12634703 116.4819 39.90548
7172 32941802 8 180  1 30050209 116.45029 39.93035
7173 36781508 1 224 60 1 50099882 116.0026 40.46908
7174 35283255 22 41  1 70329958 116.58852 40.07683
7175 30929035 1 27 50 1 620596 116.44563 39.87663
7176 36285682 8 176  1 368999 116.35371 39.98191
7177 62254995 5 133  1 19615619 116.51871 39.80618
7178 35411258 23 177  1 687370 116.41791 39.9683
7179 32941803 8 270  1 62258754 116.44404 39.94126
7180 30929036 1 349 50 1 636851 116.44614 39.8812
7181 36285683 2 268  1 71777752 116.36381 39.98185
7182 36781509 2 333  2 40428524 116.22984 40.20002
7183 61087048 23 357  1 446162 116.31203 39.87389
7184 62254996 2 65  1 19362312 116.52144 39.78988
7185 46923252 1 33 50 1 85537927 116.35944 40.70368
7186 30929039 1 181 50 1 32159445 116.46093 39.8816
7187 32941804 8 90  1 30050381 116.44518 39.94113
7188 35285209 8 270  1 676473 116.42218 39.93374
7189 61087049 23 175  1 12644725 116.31166 39.8738
7190 36414887 2 5  1 61884181 116.47785 39.90421
7191 62314979 2 3  1 61207533 116.33526 39.76647
7192 32941805 8 180  1 688200 116.45036 39.94529
7193 60972099 22 13  1 70329961 116.58977 40.0788
7194 30929040 1 270 50 1 549320 116.45938 39.87625
7195 35285210 1 178 70 1 87757649 116.40797 39.95602
7196 62254997 2 245  1 19362352 116.52445 39.78717
7197 36285684 1 171 70 1 367465 116.35355 39.96055
7198 46923253 1 11 30 1 85538075 116.41877 40.78209
7199 30929043 1 359 40 1 49045696 116.39429 39.85789
7200 36414888 22 132  3 49592383 116.37944 39.86593
7201 61087050 23 171  1 87808712 116.31149 39.87379
7202 34595289 1 118 60 1 567747 116.21438 40.22308
7203 36781511 1 15 60 1 61034314 116.54353 40.13013
7204 32941806 8 0  1 688202 116.45053 39.94474
7205 30929044 1 179 40 1 49045696 116.39429 39.85789
7206 35285211 8 178  1 87757649 116.40797 39.95595
7207 61087051 23 271  1 87913455 116.31282 39.89709
7208 30929045 1 357 40 1 630445 116.43203 39.85973
