7209 36414889 1 11 60 1 559110 116.38356 39.85791
7210 36781512 18 150  1 49244573 116.03099 40.28073
7211 36285685 5 83  1 415498 116.3534 39.94004
7212 32941807 8 180  1 62258731 116.45036 39.94383
7213 30929046 1 177 40 1 630445 116.43203 39.85973
7214 35285212 1 359 70 1 87757650 116.40812 39.95602
7215 62371758 2 309  1 518012 116.70557 39.88991
7216 46923254 1 192 30 1 85538074 116.41877 40.78209
7217 32941808 8 0  1 665956 116.45053 39.94288
7218 36781513 2 198  1 19693154 116.54235 40.1265
7219 36289105 2 80  1 70618204 116.27628 40.03302
7220 62254999 2 284  1 26173497 116.5151 39.77821
7221 30929049 1 177 50 1 634213 116.41409 39.85892
7222 46923255 1 180 50 1 85538080 116.40038 40.76018
7223 32941809 8 89  1 30050383 116.45151 39.94119
7224 61087053 23 0  1 444519 116.3106 39.90234
7225 36414890 2 89  1 615995 116.40304 39.90773
7226 36781514 18 305  1 268724 116.05639 40.30938
7227 36289106 2 313  1 700125 116.26781 40.03783
7228 46946262 1 270 50 1 88075076 116.3795 39.99425
7229 32941810 8 270  1 39862491 116.45493 39.94133
7230 30929050 1 357 50 1 634213 116.41409 39.85892
7231 62255000 2 246  1 19688345 116.51284 39.78165
7232 36414891 2 180  1 317279 116.16668 39.71663
7233 62290708 1 268 50 1 18065183 116.30716 39.54894
7234 61087054 23 0  1 12644679 116.31042 39.90236
7235 35285215 8 358  1 32234500 116.4185 39.96
7236 36289107 2 128  1 50047746 116.26721 40.03821
7237 60994099 1 269 60 1 27959075 116.23894 40.2297
7238 46923256 1 350 50 1 85538081 116.40038 40.76018
7239 32941811 8 270  1 87757979 116.46025 39.94137
7240 30929051 1 53 50 1 616990 116.44318 39.87086
7241 36641093 22 82  1 18815543 116.90655 39.95272
7242 62255001 2 130  1 453600 116.54408 39.7707
7243 34952233 1 304 40 1 40416681 116.48895 39.97304
7244 36289108 2 310  1 692618 116.25927 40.04443
7245 36414892 1 187 80 1 12634700 116.48951 39.8766
7246 35285216 1 270 70 1 87757957 116.43091 39.93375
7247 30929052 1 5 60 1 550828 116.43963 39.87336
7248 46923257 1 256 50 1 85538112 116.38423 40.5461
7249 62255002 2 64  1 19362907 116.5441 39.77035
7250 36289109 2 118  1 568060 116.18553 40.04232
7251 32941813 8 49  1 682356 116.44973 39.95524
7252 36781516 2 277  1 40428055 116.1386 40.24411
7253 61087055 23 180  1 12644765 116.31021 39.90234
7254 30929053 1 183 60 1 550824 116.43955 39.87337
7255 35285218 1 107 50 1 664620 116.43671 39.96901
7256 30472242 1 214 40 1 14641228 116.83914 40.37437
7257 36289110 18 225  1 443362 116.35594 39.89905
7258 46923258 1 76 50 1 85538113 116.38416 40.54609
7259 36414893 2 270  1 15076103 116.18005 39.73716
7260 36781517 2 101  1 569310 116.13769 40.24423
7261 30928052 1 214 50 1 42255097 116.4374 39.98091
7262 62255003 2 321  1 419778 116.53291 39.76956
7263 32941814 8 48  1 30050377 116.4489 39.9545
7264 61087056 23 179  1 444523 116.31002 39.90234
7265 35285219 8 270  1 60885250 116.4159 39.97716
7266 36289111 2 40  1 15254578 116.32914 39.89362
7267 36414894 1 8 80 1 14770666 116.48979 39.87678
7268 30929056 1 93 50 1 49045901 116.431 39.87086
7269 61087057 23 270  1 87913483 116.31433 39.90759
7270 46931154 1 353 30 1 18805341 117.07761 39.81459
7271 62255004 2 138  1 26173420 116.50811 39.78814
7272 36289112 2 183  1 17533512 116.32921 39.8943
7273 32941817 8 121  1 40416594 116.44362 39.97543
7274 35285229 1 163 70 1 62596041 116.57198 39.76921
7275 30929054 1 93 50 1 49045897 116.43559 39.8706
7276 36781518 18 95  1 262907 116.05661 40.27923
7277 30929058 1 196 50 1 615916 116.46056 39.86869
7278 61087058 23 91  1 87913485 116.31439 39.90744
7279 32941818 8 271  1 680902 116.42988 39.97722
7280 46931155 1 172 40 1 18879944 117.07761 39.81459
7281 36362220 2 2  1 61078187 116.76727 40.38763
7282 36781519 1 268 70 1 55123836 116.48728 40.13767
7283 35285230 1 346 70 1 62596043 116.57233 39.76924
7284 36289113 23 177  1 505794 116.35408 39.87093
7285 46932180 1 182 50 1 87836581 116.78314 39.63669
7286 62044624 2 3  1 87383233 116.16542 39.88164
7287 30929059 1 271 40 1 615661 116.4586 39.88156
7288 36414896 22 302  3 636756 116.3785 39.86413
7289 62255006 2 322  1 41577445 116.50505 39.7991
7290 61087059 23 268  1 14165442 116.359 39.91398
7291 60972101 22 167  1 49101973 116.56975 40.06404
7292 36781520 1 88 70 1 55123832 116.48723 40.1376
7293 32941820 8 87  1 710302 116.42133 39.97704
7294 36781521 1 44 60 1 50099873 116.00265 40.46901
7295 61087060 23 89  1 60885562 116.35904 39.91388
7296 46946263 1 90 50 1 88075079 116.37951 39.99412
7297 46932183 1 240 40 1 9000000133439 116.66497 39.92531
7298 36414897 22 174  1 61883796 116.39947 39.86296
7299 62255007 2 246  1 17224158 116.50001 39.80601
7300 30929060 1 91 40 1 615661 116.4586 39.88156
7301 35285231 8 117  1 19904199 116.68219 39.87337
7302 32941821 8 89  1 665263 116.41104 39.97697
7303 36414898 1 267 80 1 13247910 116.38811 39.87128
7304 61087061 23 357  1 457024 116.35672 39.90739
7305 36781522 1 259 50 1 39048747 116.00465 40.46613
7306 46932184 1 60 40 1 9000001260500 116.66497 39.92531
7307 35285232 6 89  1 628477 116.49721 39.90778
7308 62255008 5 201  1 30220595 116.52073 39.77295
7309 30929062 7 91  1 620470 116.39606 39.87136
7310 36289115 2 10  1 62592274 116.37379 39.86411
7311 36414899 2 88  1 32092812 116.41103 39.90795
7312 60938125 22 267  1 297200 116.62692 40.31557
7313 46932185 1 5 70 1 87915543 116.67798 39.98475
7314 34556221 1 267 60 1 694218 116.32969 40.03594
7315 61087062 23 358  1 12644734 116.35661 39.90738
7316 31166206 1 349 40 1 86345014 117.01042 40.03519
7317 30929063 1 0 40 1 39128439 116.37836 39.85816
7318 35285233 7 36  1 347967 116.63297 39.79799
7319 32941816 8 278  1 675418 116.441 39.9763
7320 32941822 8 270  1 665248 116.41163 39.97712
7321 36289116 5 266  1 457299 116.2841 39.85127
7322 62255009 2 133  1 19615619 116.5187 39.80618
7323 30929064 1 180 40 1 39128439 116.37836 39.85816
7324 61087063 23 177  1 12644735 116.35645 39.907
7325 62255010 2 141  1 455150 116.52393 39.78731
7326 36289119 2 103  1 351893 116.10669 39.9069
7327 32941823 8 269  1 666186 116.39302 39.97697
7328 36414901 2 181  1 40900739 116.47791 39.91387
7329 46932188 1 66 60 1 87915546 116.70509 39.93667
7330 62255011 2 319  1 442887 116.53217 39.77582
7331 35286209 1 177 50 1 32323009 116.73049 39.62488
7332 36289120 2 285  1 16461619 116.10772 39.91049
7333 36781524 18 163  1 268685 116.01687 40.30335
7334 30929068 1 30 60 1 386241 116.58339 40.27737
7335 61087064 23 180  1 457022 116.35633 39.90698
7336 32941824 8 270  1 687109 116.38413 39.97687
7337 47055099 1 105 60 1 88049186 116.23737 39.92981
7338 46932189 1 351 70 1 87915555 116.6581 39.93587
7339 62255012 2 137  1 19688297 116.53575 39.77174
7340 36414902 5 270  1 70610070 116.38859 39.86962
7341 36781525 1 305 50 1 267595 116.07883 40.28464
7342 36289121 2 11  1 40601560 116.11233 39.91127
7343 35286211 1 167 70 1 283777 116.23281 39.91559
7344 32941825 8 89  1 87757488 116.38481 39.97676
7345 46932190 1 169 70 1 87915553 116.65792 39.93587
7346 30929071 1 18 70 1 732701 116.43977 40.01584
7347 61087065 23 359  1 87808735 116.34881 39.89315
7348 62255013 2 318  1 19688294 116.53647 39.77115
7349 36781526 18 0  1 268724 116.05732 40.30791
7350 36289122 2 282  1 351926 116.1073 39.90685
7351 61087066 23 179  1 457332 116.34859 39.89329
7352 46932299 1 2 60 1 85625799 116.21346 40.23363
7353 30929072 1 198 70 1 732697 116.43965 40.01589
7354 36781527 18 349  1 268727 116.04773 40.31676
7355 35286212 8 90  1 513392 116.26696 39.90739
7356 32941826 8 358  1 14226016 116.41795 39.97132
7357 36289123 2 193  1 18056343 116.1122 39.91217
7358 46932300 1 180 60 1 55061414 116.21333 40.23364
7359 62255014 2 149  1 56931034 116.51304 39.80809
7360 61087067 23 0  1 12644763 116.3489 39.88996
7361 36781528 18 0  1 262920 116.04123 40.32814
7362 36414904 2 88  1 32092804 116.40621 39.90783
7363 30929075 1 268 60 1 88026623 116.40227 40.00253
7364 35411208 18 10  1 1753099 116.49041 40.18552
7365 32941827 8 180  1 40927210 116.41779 39.97129
7366 46932303 1 334 120 1 85625808 116.2259 40.20709
7367 36289124 2 18  1 16461611 116.10748 39.91031
7368 31166207 1 168 40 1 86345000 117.01028 40.03521
7369 62255015 2 101  1 19688280 116.50668 39.78519
7370 61087068 23 180  1 12644741 116.34866 39.88913
7371 36781529 1 98 40 1 352766 116.01602 40.45467
7372 30929076 1 88 60 1 12710056 116.39868 40.00233
7373 46932304 1 155 100 1 85625810 116.22574 40.20704
7374 36354206 22 207  1 740358 116.61829 40.04883
7375 36414895 22 180  1 627779 116.47779 39.90789
7376 36414905 2 90  1 40385203 116.16637 39.73929
7377 36781530 2 280  1 19904280 116.6623 39.86637
7378 62255016 2 142  1 452094 116.51523 39.80468
7379 36289125 2 346  1 50136174 116.10582 39.93481
7380 32941829 8 358  1 40040525 116.40789 39.9641
7381 61087069 23 270  1 87808779 116.35096 39.88338
7382 35286214 1 180 60 1 510441 116.365 39.84718
7383 36414906 2 237  1 87113111 116.1266 39.73373
7384 62255017 2 64  1 19362343 116.52793 39.78876
7385 30929077 1 174 50 1 721293 116.37572 40.00402
7386 32941830 8 270  1 12676379 116.41232 39.9691
7387 36289127 2 127  1 20211958 116.10736 39.91065
7388 36467980 2 63  1 20418051 116.286 40.02239
7389 35286215 1 357 40 1 505794 116.35409 39.87078
7390 36781531 2 0  1 61801029 116.65752 39.8684
7391 36414907 2 270  1 615021 116.47988 39.87135
7392 62255018 2 246  1 19362881 116.54081 39.7738
7393 61087070 23 90  1 87808782 116.35103 39.88327
7394 46932310 1 80 70 1 85626061 116.36152 40.17304
7395 30929078 1 89 60 1 574339 116.38538 40.00194
7396 32941831 8 90  1 87757776 116.42975 39.92435
7397 36781532 2 3  1 61801036 116.66592 39.86577
7398 36414908 5 163  1 49045651 116.38887 39.86969
7399 46932312 1 266 70 1 85626102 116.19156 40.16813
7400 35289208 8 268  1 30015955 116.38191 39.88946
7401 61087071 23 269  1 70620346 116.35111 39.8777
7402 36467966 2 276  1 31909015 116.90839 40.1675
7403 36289132 2 268  1 32398687 116.3623 39.9818
7404 30929079 1 357 70 1 728022 116.38682 40.00403
7405 32941832 8 90  1 87757777 116.4302 39.92435
7406 35289209 8 267  1 32092984 116.4166 39.89307
7407 46932313 1 87 70 1 85626103 116.19143 40.16812
7408 62255005 2 320  1 62199884 116.52694 39.78368
7409 36289133 23 354  1 87767270 116.33455 39.96476
7410 35289210 7 270  1 40900693 116.39597 39.85713
7411 32941833 8 270  1 20237528 116.43017 39.9245
7412 30929080 1 177 70 1 88026368 116.46714 40.01375
7413 36308446 2 268  1 70618218 116.35019 40.08065
7414 62255020 2 64  1 19362199 116.50381 39.78564
7415 46932314 1 268 60 1 85626121 116.13781 40.19803
7416 36414910 2 0  1 40392425 116.16681 39.73905
7417 35289211 8 177  1 631561 116.42145 39.8678
7418 36781535 5 270  1 49143167 116.41775 39.9266
7419 36289134 22 89  1 71777737 116.35852 39.98159
7420 30929081 1 269 60 1 70243333 116.3777 40.01001
7421 61087072 23 88  1 499458 116.35124 39.87756
7422 36290648 2 191  1 71369391 116.6787 40.21896
7423 46932315 1 89 60 1 85626122 116.13774 40.19792
7424 32941838 8 354  1 42236169 116.37961 39.9556
7425 62255021 2 103  1 19362414 116.50889 39.78079
7426 30929082 1 89 70 1 633988 116.4414 39.88435
7427 36781536 1 341 60 1 13677572 116.47156 39.95169
7428 36414911 2 271  1 317315 116.16722 39.7163
7429 32941840 8 187  1 39862497 116.37962 39.96341
7430 46932316 1 268 60 1 85626124 116.12522 40.19758
7431 35289213 8 357  1 87729039 116.42121 39.87827
7432 36354455 2 185  1 19693101 116.42283 39.83336
7433 62255022 2 141  1 19468929 116.50969 39.79303
7434 36289135 22 88  1 71777745 116.36118 39.98167
7435 32941841 8 358  1 40927181 116.39465 39.96964
7436 36781537 1 163 50 1 85518270 116.47145 39.95168
7437 36414912 2 90  1 14761018 116.17908 39.73705
7438 46932317 1 87 60 1 85626127 116.12522 40.19746
7439 62255023 2 64  1 419725 116.52642 39.78366
7440 30929085 23 270  1 809818 116.52779 39.95856
7441 32941852 1 97 50 1 373505 116.25053 39.69269
7442 61087074 23 0  1 14165663 116.36436 39.86938
7443 36781538 2 260  1 41679599 116.65734 39.91274
7444 32941819 8 89  1 40040675 116.42525 39.97709
7445 60994102 22 284  1 16489450 116.22531 40.22038
7446 35289214 8 178  1 32093039 116.42094 39.87824
7447 36289136 1 354 70 1 70764547 116.33455 39.9648
7448 46932318 1 320 50 1 85626149 116.1317015 40.2473881
7449 36414913 2 57  1 19609919 116.47215 39.8378
7450 30466187 1 343 50 1 24405551 116.80022 40.56865
7451 30929086 1 351 50 1 669292 116.48985 39.95333
7452 36781539 2 355  1 61041041 116.65781 39.90746
7453 32941853 1 277 50 1 373505 116.25053 39.69269
7454 36289137 1 268 60 1 41575421 116.35659 39.98161
7455 36414914 23 87  1 12634706 116.48189 39.90536
7456 30929087 1 0 50 1 668536 116.49019 39.94024
7457 36781540 2 90  1 41679642 116.67762 39.89238
7458 61087075 23 180  1 14165662 116.36417 39.86928
7459 36289138 22 90  1 71777729 116.35611 39.98151
7460 36414915 2 0  1 629454 116.4774 39.87927
7461 32941859 1 262 70 1 86902108 116.32309 39.71308
7462 36782697 2 7  1 471312 116.69478 39.95333
7463 30929088 8 91  1 29880010 116.52953 39.92364
7464 46932322 1 265 60 1 85626210 116.1792 40.20022
7465 35289217 1 7 50 1 32159391 116.4366 39.90173
7466 36414916 2 180  1 612582 116.38678 39.85758
7467 36289139 2 267  1 41575413 116.35912 39.98169
7468 36782698 2 174  1 41679604 116.66097 39.92153
7469 46932323 1 86 60 1 85626211 116.17921 40.20013
7470 30929091 1 0 70 1 579211 116.49012 39.92308
7471 62255025 2 122  1 441262 116.51227 39.81156
7472 46932325 1 276 100 1 60923817 116.19556 40.24097
7473 32941871 6 87  1 19363485 116.62922 39.92687
7474 36782699 1 15 70 1 69869462 116.65615 39.92364
7475 36289140 22 89  1 416382 116.34166 39.9674
7476 62255026 2 140  1 451979 116.519 39.79344
7477 30929092 1 180 70 1 579212 116.48955 39.92282
7478 36414917 2 270  1 314621 116.17331 39.72336
7479 34595295 6 81  1 28106046 116.67889 39.90068
7480 46932326 1 96 80 1 85626610 116.19554 40.24077
7481 35289219 1 124 70 1 87409434 116.17213 39.80722
7482 32941872 1 15 40 1 30415558 116.62651 39.94749
7483 30929093 1 274 70 1 560153 116.5357 39.91665
7484 36289359 2 245  1 72580081 116.19109 39.86049
7485 36782700 6 277  1 490362 116.64822 39.92233
7486 32941873 1 195 60 1 30415558 116.62651 39.9475
7487 36414918 2 90  1 40392456 116.1696 39.731
7488 46932328 1 86 50 1 61585223 116.69704 40.21268
7489 35289223 8 84  1 87824548 116.65278 39.90743
7490 61087077 23 178  1 87808675 116.36491 39.85461
7491 62255028 2 62  1 19362855 116.53578 39.77126
7492 36289360 2 137  1 72580090 116.19255 39.87056
7493 30929095 1 0 70 1 662808 116.48987 39.97344
7494 32941874 8 184  1 581671 116.41183 40.04197
7495 36782701 1 270 70 1 61732847 116.63695 39.92697
7496 60994104 22 268  1 582511 116.24663 40.22112
7497 46932332 1 267 70 1 543481 116.70253 40.17018
7498 30442161 1 270 50 1 315387 116.41098 39.83256
7499 36289361 2 294  1 15828162 116.19732 39.86612
7500 32941875 8 191  1 730756 116.40942 40.02754
7501 36289114 5 87  1 457312 116.35498 39.86158
7502 30929140 1 336 80 1 42569232 116.9881 39.84492
7503 46796134 1 262 70 1 88032382 117.04956 40.14616
7504 35289226 1 140 70 1 314117 116.49274 39.81388
7505 62255029 2 245  1 15544929 116.5106 39.78473
7506 36782702 2 173  1 31778870 116.66124 39.91927
7507 32941876 1 143 70 1 61017507 116.28355 40.01977
7508 36414919 1 0 80 1 12634688 116.48987 39.88699
7509 30929141 1 156 40 1 42569234 116.9879 39.8449
7510 36289362 2 333  1 87424804 116.20318 39.86073
7511 36782703 2 353  1 41679589 116.66151 39.91866
7512 35289227 8 89  1 619860 116.43413 39.90496
7513 46932335 1 13 60 1 15358392 116.75771 40.21489
7514 61087079 23 184  1 70011949 116.37138 39.85629
7515 46946268 1 88 50 1 88075119 116.41001 39.995
7516 32941877 1 322 70 1 71372776 116.28368 40.01978
7517 62255030 2 284  1 19362196 116.50466 39.78566
7518 36782704 1 198 70 1 69869465 116.65599 39.92372
7519 35289228 8 180  1 629024 116.44397 39.89669
7520 36289363 2 263  1 87383491 116.16529 39.87105
7521 36414920 2 270  1 30005366 116.47791 39.89332
7522 36782705 8 356  1 71372205 116.65596 39.91986
7523 62253811 1 269 60 1 279533 116.78103 39.94167
7524 46932338 1 145 50 1 39750089 116.82939 40.20655
7525 30929144 1 114 40 1 86673189 116.96826 39.89878
7526 62255031 2 280  1 19362051 116.50023 39.79462
7527 32941878 8 81  1 70618198 116.30215 40.03426
7528 35297235 1 180 70 1 19368431 116.48979 39.97157
7529 36782706 1 186 40 1 471312 116.69454 39.95127
7530 61087082 23 0  1 62269826 116.37453 39.87385
7531 46932340 1 88 70 1 39750130 116.79105 40.24584
7532 36414921 8 90  1 14165928 116.47381 39.88431
7533 36289364 2 232  1 87383353 116.17476 39.87291
7534 30929145 1 269 50 1 18805193 117.04032 39.88489
7535 36785027 1 337 20 1 430068 117.23881 40.08661
7536 61087083 23 180  1 87808784 116.37428 39.87381
7537 46932341 1 190 60 1 88702751 116.79743 40.2572
7538 62255032 2 243  1 425716 116.50098 39.79749
7539 36289365 2 320  1 20267361 116.19347 39.86977
7540 46923138 1 180 60 1 515164 116.31005 39.88997
7541 36785028 1 148 20 1 87288620 117.23867 40.08671
7542 36414922 8 270  1 9000000101516 116.47381 39.88445
7543 35297237 8 177  1 60885262 116.35311 39.99143
7544 36289366 2 4  1 87424729 116.20901 39.8474
7545 30929146 1 89 50 1 18805193 117.04028 39.88489
7546 36785041 1 331 100 1 60923643 116.11739 39.82531
7547 46932342 1 11 50 1 88702752 116.79738 40.25697
7548 61087084 23 270  1 41636593 116.33849 39.86817
7549 62255033 2 63  1 19362114 116.51508 39.80426
7550 32941880 8 172  1 650216 116.31882 40.00942
7551 36289367 2 89  1 87424769 116.19431 39.86104
7552 36414923 2 270  1 30252788 116.38466 39.85728
7553 36785042 1 151 100 1 60923640 116.11726 39.8252
7554 36362225 2 272  1 24449269 116.76763 40.38794
7555 32943597 8 359  1 470689 116.14216 39.75157
7556 61087085 23 74  1 12644699 116.35403 39.85187
7557 35297239 1 277 60 1 88056529 116.39023 39.83981
7558 30929147 1 347 40 1 16241370 117.00934 39.75763
7559 62255034 2 142  1 418340 116.52802 39.78907
7560 36785085 1 330 50 1 20165179 115.7581 40.45056
7561 36414924 2 225  1 398399 116.12383 39.70637
7562 30442102 1 228 50 1 14095479 116.44442 39.9608
7563 46932344 1 98 70 1 88702786 116.90519 40.19986
7564 32943599 6 177  1 88026368 116.46714 40.01375
7565 35297240 1 97 60 1 88056526 116.39036 39.83969
7566 30929148 1 167 40 1 16241370 117.00934 39.75763
7567 61087086 23 6  1 50113551 116.34692 39.85307
7568 36785086 1 150 50 1 20165179 115.7581 40.45057
7569 36414925 7 180  1 636085 116.48942 39.87957
7570 46932346 1 185 70 1 88702855 116.6682 40.19716
7571 32943601 8 333  1 51783494 116.41722 40.03574
7572 62255035 2 322  1 433457 116.52596 39.79168
7573 30929149 1 265 40 1 16241378 117.01277 39.75682
7574 36290587 5 0  1 9000000097204 116.35344 39.72218
7575 36785087 2 263  1 478200 115.84949 40.4779
7576 35297241 8 90  1 552827 116.37942 39.85704
7577 36414926 7 28  1 637176 116.48995 39.87914
7578 35297250 1 270 50 1 29942051 116.4836 40.23861
7579 30929150 1 85 40 1 16241383 117.01277 39.75669
7580 36785088 2 54  1 485943 115.84188 40.47459
7581 36290588 5 89  1 39047203 116.34158 39.74549
7582 46932350 1 349 50 1 88702951 116.62555 40.26343
7583 32943602 8 166  1 19613181 116.4172 40.03511
7584 61087088 23 270  1 69790007 116.26696 39.90751
7585 30929151 1 274 40 1 16241499 117.00399 39.75983
7586 46932351 1 169 50 1 88702952 116.62555 40.26343
7587 36785797 18 284  1 358284 115.99941 40.35992
7588 35297251 1 234 50 1 49854970 116.53259 40.2426
7589 36290589 5 89  1 398846 116.33732 39.72486
7590 36414928 22 180  1 619135 116.47775 39.90397
7591 30929152 1 94 20 1 16241499 117.00399 39.75983
7592 36276342 23 268  1 32092811 116.411 39.9081
7593 36785798 2 223  1 32629913 115.90979 40.39237
7594 34539257 1 353 40 1 86879141 116.46316 39.72742
7595 46932354 1 77 120 1 88703002 116.5844 40.26175
7596 30929153 1 266 60 1 253368 117.00395 39.76437
7597 62255037 2 244  1 413747 116.52704 39.78433
7598 32922754 1 335 70 1 562371 116.66901 40.19162
7599 36290590 22 89  1 9000000111765 116.338 39.72486
7600 36414929 2 270  1 40392459 116.17053 39.7311
7601 32943604 8 182  1 712506 116.41789 40.02939
7602 30929154 1 86 60 1 253420 117.00397 39.76427
7603 36354209 22 0  3 31741354 116.61978 40.05266
7604 36290591 5 90  1 374242 116.33997 39.72488
7605 46932357 1 90 60 1 29692351 116.67765 40.21205
7606 62255038 2 321  1 41577466 116.51759 39.78353
7607 34601395 1 78 70 1 86773362 116.9705 39.96339
7608 32943605 8 9  1 583002 116.41145 40.03782
7609 36787866 5 90  1 14226313 116.50216 39.92259
7610 36414930 18 267  1 613810 116.38759 39.87124
7611 35297254 1 337 80 1 88702421 116.278 40.17065
7612 36290592 5 180  1 19957998 116.34216 39.72268
7613 32943606 8 186  1 583050 116.41116 40.0374
7614 62255039 1 248 60 1 439696 116.50157 39.80671
7615 46932359 1 130 50 1 85779763 116.2568 40.41527
7616 36414931 5 270  1 17610152 116.38936 39.86893
7617 35297255 1 157 80 1 88702402 116.27725 40.17173
7618 32943607 8 4  1 583002 116.41198 40.04166
7619 36418185 2 0  1 359508 116.26007 39.92179
7620 30929156 1 260 40 1 273420 117.03477 39.76621
7621 47055105 1 273 70 1 88049258 116.22311 39.95497
7622 36290639 2 359  1 32394055 116.32884 39.75731
7623 36781523 18 291  1 268724 116.06091 40.30427
7624 62255040 5 122  1 441262 116.51227 39.81156
7625 46932363 1 264 50 1 42306782 115.95514 40.52064
7626 31166213 1 91 60 1 54289079 117.09904 40.07804
7627 36418186 7 111  1 406438 116.30293 39.97226
7628 36414900 22 0  1 627770 116.47791 39.90862
7629 36787868 2 268  1 808453 116.58529 39.99404
7630 32943608 8 11  1 727990 116.4096 40.02722
7631 36290640 2 90  1 61632739 116.65252 40.18679
7632 62255041 2 141  1 455159 116.5215 39.79032
7633 32943609 8 188  1 577235 116.40925 40.02661
7634 36418187 22 44  1 574757 116.45781 39.96161
7635 61087092 23 344  1 12644710 116.27462 39.88526
7636 36266557 2 189  1 797628 116.56081 40.10074
7637 30929157 1 339 60 1 274938 117.02242 39.76092
7638 36290641 2 181  1 62008687 116.65268 40.18371
7639 32943610 8 354  1 70243330 116.37603 40.00311
7640 46932367 1 67 70 1 85779845 115.81243 40.45452
7641 62255042 2 148  1 87946103 116.53163 39.77633
7642 35297256 8 79  1 30261605 116.52298 39.90837
7643 62314987 2 261  1 49048423 116.3143 39.75144
7644 46804140 1 45 60 1 87717147 115.72976 39.98418
7645 36290642 2 181  1 61632775 116.65262 40.18
7646 36795637 2 93  1 62174305 116.42178 40.03746
7647 61087093 23 163  1 12644707 116.27445 39.88509
7648 30929158 1 159 60 1 251249 117.0223 39.76091
7649 34601402 1 268 70 1 9000001343744 116.79115 40.24592
7650 32943611 8 353  1 88026167 116.37591 40.0041
7651 36795638 2 271  1 732399 116.42273 40.03752
7652 36418188 23 180  1 12676402 116.48975 39.92282
7653 30929159 1 273 40 1 16241590 117.06749 39.76704
7654 46932372 1 235 40 1 18064050 115.78049 40.43245
7655 36445987 2 89  1 62338479 116.33782 39.75014
7656 34543304 6 270  1 314626 116.17289 39.72346
7657 32943612 8 174  1 721293 116.37572 40.00402
7658 61087094 23 326  1 454566 116.28168 39.86917
7659 30929160 1 9 50 1 18805344 117.07811 39.80869
7660 62255044 2 329  1 17146425 116.54546 39.76159
7661 36795639 2 173  1 49101527 116.43886 40.01449
7662 32943613 8 351  1 19376408 116.41731 40.00492
7663 35349215 1 262 60 3 20308077 116.07999 39.88091
7664 61087095 23 146  1 12644759 116.28145 39.86906
7665 62360081 2 337  1 16460811 116.09037 39.93895
7666 36290646 2 358  1 41917342 116.23363 40.2203
7667 62016318 2 337  1 70764243 116.28226 40.16064
7668 30929067 1 210 60 1 386065 116.58328 40.2774
7669 36795640 5 173  1 49101527 116.43886 40.01449
7670 35349216 1 82 50 1 9000000088821 116.59241 39.94711
7671 36418190 1 67 70 1 40416655 116.48548 39.95703
7672 36290647 2 86  1 386048 116.57176 40.29041
7673 35286208 1 357 50 1 32323009 116.73049 39.62486
7674 46935285 1 209 50 1 85548110 115.87989 40.15169
7675 30929166 1 0 50 1 265209 115.96898 39.50821
7676 32943618 8 6  1 88026213 116.41781 40.00113
7677 35349217 1 262 50 1 9000000088821 116.59241 39.94711
7678 30929167 1 178 80 1 39225020 115.96878 39.50804
7679 36418191 23 269  1 87758020 116.49734 39.92304
7680 46800128 1 90 80 1 622777 116.38256 39.85701
7681 62255045 2 141  1 416782 116.51127 39.80305
7682 46935286 1 29 50 1 85548111 115.87989 40.15169
7683 35349218 18 176  1 12666225 116.54297 39.92533
7684 46935287 1 247 70 1 85548179 116.05995 40.16683
7685 46882169 1 323 40 1 26141655 116.36389 40.00993
7686 36290649 2 83  1 61632792 116.68819 40.10349
7687 62255046 2 245  1 19362107 116.51191 39.80281
7688 31166214 1 213 60 1 86344929 117.09886 40.07731
7689 36418192 23 180  1 12676364 116.48976 39.94024
7690 36795641 22 271  1 29833268 116.33717 40.0713
7691 35349219 1 55 40 1 14751419 116.53852 39.97011
7692 32943621 1 351 70 1 15341241 116.41751 40.00372
7693 62255047 2 64  1 450446 116.51126 39.80246
7694 30466195 1 124 50 1 14594617 116.87573 40.60191
7695 60972111 22 226  1 15342154 116.61991 40.05062
7696 61087098 1 92 50 1 549423 116.70845 40.2134
7697 36797914 2 273  1 16337123 116.29792 39.46159
7698 35349221 18 319  1 9000000005975 116.50977 39.98876
7699 36730381 7 269  1 466900 116.68406 39.92398
7700 32943622 8 192  1 19376684 116.41622 40.01319
7701 30929169 1 187 70 1 87844132 116.8857 39.73263
7702 36290651 2 73  1 18741673 117.17583 40.1268
7703 35349222 18 142  1 799082 116.5097 39.98857
7704 36797915 2 275  1 72305865 116.28728 39.46231
7705 46935288 1 69 70 1 85548180 116.05995 40.16683
7706 30929170 1 323 70 1 87844140 116.87629 39.72672
7707 62255048 2 146  1 26173496 116.51432 39.77873
7708 36797916 2 93  1 86666947 116.29666 39.46158
7709 61087099 1 37 50 1 18914385 116.6782 40.23091
7710 35349223 8 254  1 40601406 116.50912 39.93816
7711 36290652 2 270  1 61585030 117.08958 40.16628
7712 30929171 1 142 70 1 87844142 116.87618 39.72667
7713 32943624 1 193 70 1 572668 116.41678 40.01588
7714 36797917 2 22  1 58263868 116.32202 39.42453
7715 36418194 7 180  1 19633604 116.48952 39.93168
7716 35349224 8 74  1 29880272 116.50914 39.93805
7717 46935294 1 238 60 1 85548373 116.01098 40.314
7718 61087100 1 217 50 1 18914385 116.6782 40.23091
7719 30929172 1 323 60 1 87844159 116.88196 39.71945
7720 36797918 2 93  1 72305863 116.29176 39.46191
7721 36290653 2 178  1 555970 116.65504 40.21214
7722 35349225 18 140  1 804007 116.53284 39.95196
7723 30929173 1 322 40 1 258367 116.87882 39.72346
7724 32943625 8 193  1 572668 116.41671 40.01554
7725 61087101 18 84  1 810359 116.51618 40.12035
7726 46935295 1 332 40 1 85548427 116.21247 40.28146
7727 35364237 1 0 50 1 88640394 116.51289 40.2333
7728 36797919 2 94  1 72305871 116.28666 39.46223
7729 36290654 2 331  1 50040364 116.65318 40.22654
7730 62255050 2 13  1 393720 116.50063 39.79713
7731 32943626 1 12 70 1 70243346 116.41711 40.01604
7732 30929174 1 15 50 1 9000001325368 116.88206 39.71632
7733 35364238 1 180 50 1 88640394 116.51289 40.23331
7734 46935296 1 150 40 1 9000001361418 116.21247 40.28146
7735 30929175 1 195 50 1 9000001325368 116.88206 39.71632
7736 36797920 2 273  1 341656 116.3019 39.43112
7737 36418197 7 159  1 577719 116.43444 39.9215
7738 36290655 2 270  1 530701 117.1231 40.16225
7739 32943629 8 14  1 88026269 116.4085 40.02097
7740 30929176 1 267 50 1 42144156 116.86743 39.71179
7741 62255051 2 245  1 19362116 116.51566 39.80461
7742 35364240 22 334  1 390428 116.62489 40.30154
7743 30929177 1 87 50 1 42144156 116.86743 39.71179
7744 61087102 1 268 40 1 804017 116.58797 40.12784
7745 46935297 1 26 80 1 85548432 116.22602 40.25776
7746 36797921 2 198  1 32619468 116.32208 39.425
7747 36641105 2 93  1 26204055 117.07527 39.76664
7748 36418198 7 268  1 576530 116.41315 39.98881
7749 35411221 18 91  1 12514230 116.50223 39.90792
7750 62255052 1 66 50 1 19362330 116.52553 39.7918
7751 36797922 2 94  1 331193 116.30103 39.43109
7752 32943631 8 269  1 70243333 116.37773 40.01001
7753 36362230 2 92  1 561149 116.60057 39.90878
7754 36290657 2 20  1 71369388 116.67861 40.21818
7755 30929179 1 89 50 1 42144156 116.85921 39.71161
7756 36418199 7 88  1 88075184 116.38905 39.98783
7757 32943632 8 2  1 32246209 116.40789 40.00044
7758 36801619 2 243  1 39047279 116.32357 39.72412
7759 61087103 1 88 70 1 804027 116.58797 40.12775
7760 62255053 2 63  1 19362294 116.52859 39.79324
7761 30929184 1 141 40 1 85626150 116.12938 40.24738
7762 32943633 8 182  1 32246205 116.40773 40.00202
7763 46935299 1 227 50 1 88698393 116.36336 40.36279
7764 36801620 1 177 70 1 14273682 116.27572 39.6231
7765 35408208 1 57 120 1 17763560 115.98132 39.62543
7766 32922758 1 92 70 1 540617 116.74695 40.16958
7767 36290658 2 122  1 15358443 116.82943 40.20562
7768 36354211 2 265  1 49101603 116.50573 40.02344
7769 36801621 2 88  1 406508 116.31623 39.7226
7770 46935300 1 327 50 1 88698402 116.36802 40.28349
7771 32943634 8 2  1 720008 116.40797 40.00604
7772 35408209 1 239 120 1 17763558 115.98114 39.62559
7773 30929188 1 154 60 1 50059660 116.2361 40.18498
7774 36283652 2 356  1 787072 116.55447 40.12158
7775 36290659 1 185 50 1 88739940 116.82807 40.08791
7776 30475094 23 319  1 14423820 116.51138 39.82302
7777 36801622 2 286  1 14424021 116.32256 39.78329
7778 32943635 8 182  1 712310 116.40788 40.00891
7779 62256056 22 270  1 19688588 116.63483 39.88172
7780 61087105 1 169 60 1 88739648 116.61087 40.12138
7781 30929189 1 330 60 1 572412 116.22218 40.21441
7782 36414903 1 190 60 1 559096 116.38344 39.85792
7783 46935302 1 189 70 1 88698532 116.55725 40.07927
7784 36290660 2 86  1 71777901 116.88326 40.10724
7785 35408249 1 352 80 1 9000001267244 116.292 39.69231
7786 36801623 6 173  1 14760969 116.29118 39.69799
7787 62256057 2 67  1 19560972 116.27814 39.87262
7788 46935303 1 10 70 1 88698536 116.55741 40.07924
7789 61087106 22 240  1 85708681 116.66157 40.13481
7790 32943637 8 359  1 727732 116.40804 40.01078
7791 35408250 1 298 20 1 70620085 117.49914 40.55124
7792 36801624 2 102  1 71372390 116.31247 39.72331
7793 30929190 1 89 60 1 566157 116.24267 40.2129
7794 36290661 2 359  1 61632765 116.66723 40.18278
7795 61087107 22 241  1 786263 116.66054 40.13421
7796 36418202 1 124 60 1 53888002 116.47674 39.96623
7797 36362231 2 344  1 18712014 116.50177 39.73702
7798 62256058 2 180  1 464656 116.2737 39.9007
7799 36801625 2 281  1 86750646 116.31276 39.72334
7800 32943638 8 177  1 727734 116.40784 40.01141
7801 30929191 1 210 60 1 39376747 116.10945 40.56729
7802 61087108 22 270  1 777050 116.6538 40.13002
7803 36801626 2 270  1 412639 116.29515 39.72407
7804 36418203 2 90  1 30005407 116.46679 39.92324
7805 32943640 8 271  1 575511 116.4143 40.00948
7806 46935305 1 336 70 1 55123503 116.66255 40.06277
7807 30929192 1 303 50 1 14760862 116.00554 40.35946
7808 36290662 2 180  1 20232124 116.66698 40.1798
7809 62360084 2 331  1 87901512 116.10624 39.94855
7810 62256059 2 171  1 62237359 116.28674 39.86854
7811 35408252 1 201 50 1 70620270 117.25567 40.53952
7812 61087109 1 85 40 1 786326 116.643 40.1299
7813 36801628 22 88  1 39046927 116.36147 39.72185
7814 32943641 8 90  1 712273 116.4104 40.00935
7815 36290663 2 89  1 20232131 116.66653 40.17942
7816 30929193 1 123 50 1 14760862 116.00554 40.35946
7817 35408253 1 45 50 1 70620200 117.25544 40.53913
7818 36255052 5 17  1 26171437 116.3441 39.73158
7819 36418204 7 268  1 591790 116.43479 39.98947
7820 36290664 22 172  1 54376937 117.12351 40.14275
7821 61087112 1 0 50 1 84961408 116.64142 40.12642
7822 32943643 8 272  1 88026189 116.4042 40.00967
7823 36801629 1 41 70 1 235052 116.47869 39.60155
7824 62290696 2 7  1 452363 116.3241 39.50986
7825 35408254 18 263  1 12644743 116.37348 39.85705
7826 30929194 1 334 50 1 20234298 115.94372 40.51496
7827 36801630 2 89  1 26171632 116.29488 39.72398
7828 32943644 8 92  1 88026190 116.40306 40.0095
7829 46935308 1 358 70 1 88698745 116.6671 40.04642
7830 36290665 2 63  1 1765611 116.43013 40.2249
7831 62290698 2 92  1 18711608 116.32384 39.50996
7832 60938133 22 270  1 70454752 116.65906 40.31581
7833 32943645 8 11  1 584506 116.41062 40.03307
7834 35408255 18 268  1 507446 116.35774 39.86842
7835 30929195 1 107 30 1 50099866 116.22584 40.43799
7836 36801631 2 259  1 71372426 116.31672 39.72278
7837 61087113 22 0  1 84961408 116.64142 40.12643
7838 62290700 1 88 50 1 18065183 116.30716 39.54894
7839 30442109 1 270 60 1 14225967 116.43349 39.92956
7840 30929205 1 294 50 1 85731498 116.0245 40.43975
7841 32943646 8 190  1 727988 116.4103 40.03251
7842 46935312 1 68 70 1 88698949 116.14873 40.52443
7843 30843104 18 238  1 620591 116.47761 39.84201
7844 36829760 19 81  1 62823123 116.32026 39.72329
7845 36418206 7 1  1 12676381 116.48998 39.93089
7846 62290702 1 269 50 1 14531852 116.30176 39.5488
7847 30929207 1 266 60 1 9000000134334 116.59576 39.87641
7848 46946103 1 269 70 1 87757486 116.38486 39.97687
7849 32943647 1 358 60 1 50085690 116.40204 39.8238
7850 36418207 7 308  1 675769 116.48373 39.96212
7851 36290667 6 87  1 50035132 116.25391 40.22133
7852 61087114 22 182  1 84961409 116.64128 40.12644
7853 62290703 2 270  1 460027 116.26386 39.54786
7854 40529620 1 357 100 1 12666216 116.54339 39.92115
7855 36290668 2 265  1 386049 116.5725 40.29061
7856 32943649 8 357  1 306839 116.40177 39.82379
7857 46946104 1 90 70 1 87757487 116.38481 39.97676
7858 30929208 1 86 40 1 9000000134334 116.59575 39.87641
7859 35408257 8 0  1 12644679 116.31042 39.90239
7860 36418208 7 125  1 53888003 116.47742 39.96577
7861 36290669 2 215  1 32224314 116.5891 40.2925
7862 32943650 8 177  1 320459 116.40172 39.82292
7863 30929209 1 163 70 1 50048669 116.57131 39.97492
7864 61087115 1 268 40 1 778285 116.65302 40.12188
7865 62290704 2 352  1 70588685 116.26374 39.54773
7866 36418209 7 156  1 54006039 116.48867 39.95526
7867 35408258 1 359 80 1 70198900 116.31038 39.91155
7868 46946105 1 354 60 1 87757492 116.38807 39.978
7869 30929210 1 262 50 1 18058327 116.57194 39.97697
7870 32943651 8 358  1 320458 116.40182 39.82292
7871 36290670 2 329  1 536923 117.08946 40.16622
7872 40529624 1 136 90 1 12666223 116.50465 39.99415
7873 32943654 1 270 80 1 15086964 116.43 39.83232
7874 35408259 18 356  1 49065433 116.34906 39.88091
7875 36594001 2 352  1 71759654 116.4068 39.71154
7876 36418210 7 180  1 15154578 116.48975 39.92613
7877 46946106 1 178 60 1 88075301 116.38794 39.97802
7878 30929211 1 82 50 1 18058327 116.57194 39.97697
7879 61087116 1 91 40 1 9000000020370 116.68049 40.13259
7880 32943655 18 90  1 88051420 116.43273 39.83217
7881 62360109 2 86  1 72810128 116.10578 39.94878
7882 40529630 1 224 100 1 12666234 116.67939 39.83653
7883 35408260 18 358  1 12644685 116.34895 39.88461
7884 36418211 7 183  1 681631 116.4895 39.92009
7885 36290671 2 271  1 61632755 116.65301 40.18321
7886 61087117 1 270 50 1 85708594 116.64265 40.11739
7887 32943656 1 103 60 1 88051178 116.42259 39.78607
7888 30929212 1 283 60 1 29774427 116.45772 39.80681
7889 35408261 18 358  1 495044 116.35672 39.90487
7890 36418212 7 175  1 41818967 116.30048 39.98104
7891 46946109 1 90 50 1 87757517 116.38071 39.96797
7892 30929213 1 103 60 1 29774425 116.45769 39.80672
7893 40529631 1 45 100 1 14770676 116.67953 39.83642
7894 35408262 8 268  1 70620362 116.363 39.8995
7895 62290706 2 168  1 70588684 116.26369 39.548
7896 32943657 7 232  1 307470 116.41993 39.76889
7897 60875095 1 160 60 1 71760252 116.13904 39.90387
7898 36418213 7 358  1 42236621 116.43469 39.92587
7899 30930038 1 271 70 1 88645450 116.68461 40.09584
7900 36290673 2 348  1 773548 116.65895 40.11192
7901 32943658 7 46  1 49049011 116.42007 39.76843
7902 35408263 1 1 80 1 30241321 116.31045 39.89392
7903 62290707 2 273  1 55313188 116.32431 39.51002
7904 30930039 1 92 70 1 88645453 116.68461 40.09575
7905 35417214 22 182  1 15594155 116.47304 39.92472
7906 36418214 7 18  2 666806 116.45053 39.99935
7907 61087119 1 270 70 1 55205334 116.29801 39.62067
7908 40529632 1 278 120 1 12666237 116.68868 39.83786
7909 32943659 8 2  1 456957 116.37093 39.83691
7910 30930040 1 77 70 1 88136956 116.68514 40.11603
7911 62314264 2 83  1 14367000 116.29634 39.69039
7912 36418215 7 32  1 665330 116.44621 39.99255
7913 46946111 1 88 80 1 87757523 116.38785 39.96827
7914 61996976 2 270  1 358569 116.64796 39.82891
7915 36290674 22 270  1 517066 117.11617 40.14576
7916 36593920 2 352  1 86750679 116.29321 39.68344
7917 35408265 22 158  1 17374718 116.54268 40.41764
7918 40529633 1 96 120 1 12666239 116.68865 39.83766
7919 30930041 1 255 70 1 88136955 116.68515 40.1162
7920 36418216 2 92  1 70199119 116.32534 39.93233
7921 46882174 1 142 120 1 60923607 116.35263 40.02428
7922 32943661 8 182  1 510478 116.37096 39.84222
7923 36290675 2 269  1 9000000109485 117.08919 40.14549
7924 46946112 1 270 80 1 87757520 116.38786 39.96844
7925 61996977 2 329  1 62596047 116.5727 39.76836
7926 30930044 1 190 50 1 764546 116.69223 40.15579
7927 35408266 1 1 70 1 42142727 116.64162 40.18347
7928 32943662 8 2  1 62237611 116.3711 39.8421
7929 36290676 2 33  1 61585392 116.80665 40.10062
7930 36418217 7 176  1 41820777 116.35386 39.97937
7931 62307791 2 229  1 332539 115.58887 39.63876
7932 35286213 1 0 60 1 15588063 116.36509 39.84705
7933 40529634 1 250 60 1 535096 116.63262 39.91658
7934 36290677 2 354  1 62008780 116.88372 40.10707
7935 32943668 1 264 80 1 452225 116.36942 39.86995
7936 30930045 1 10 50 1 764546 116.69223 40.15578
7937 61996978 2 160  1 62596041 116.57212 39.7688
7938 46946113 1 270 50 1 87757519 116.38785 39.96855
7939 36354491 1 201 40 1 88026680 116.62786 40.0486
7940 62314179 2 155  1 14367125 116.34271 39.7431
7941 32943673 1 270 30 1 41636593 116.33856 39.86817
7942 35408268 23 358  1 88026365 116.4674 40.0138
7943 40529635 1 68 100 1 12666241 116.63284 39.91645
7944 46946114 1 178 70 1 87757529 116.39466 39.96637
7945 61996979 2 136  1 19688250 116.55252 39.76923
7946 36290679 2 2  1 61585337 116.65261 40.17583
7947 36418219 7 0  1 54006036 116.49019 39.94111
7948 62314180 2 265  1 71372714 116.31183 39.67808
7949 46946116 1 1 60 1 87757531 116.38828 39.96647
7950 35408269 23 176  1 88026368 116.46714 40.01371
7951 40529636 1 193 90 1 12666243 116.2175 39.96102
7952 32943677 1 83 60 1 19482433 116.39979 39.8866
7953 36418220 2 329  1 565665 116.48804 39.95768
7954 61996980 2 322  1 15569094 116.47968 39.80194
7955 36290680 2 264  1 70620638 116.65576 40.21201
7956 30930052 1 164 40 1 40601255 116.65026 40.10079
7957 35408270 23 18  1 732701 116.43978 40.01587
7958 62314181 2 0  1 9015228 116.30238 39.67676
7959 46946117 1 180 60 1 87757532 116.38816 39.9665
7960 36418221 7 90  1 580638 116.38637 39.9876
7961 30930056 1 163 70 1 775437 116.63813 40.14115
7962 36290681 2 270  1 71369339 116.75363 40.21193
7963 32941599 8 164  1 87767717 116.3732 40.02931
7964 35408271 23 198  1 732697 116.43964 40.01587
7965 36418222 7 336  1 669291 116.49006 39.95232
7966 46946118 1 7 80 1 87757535 116.37995 39.96367
7967 30930057 1 269 40 1 781640 116.62503 40.12894
7968 36290682 1 5 50 1 88739940 116.82807 40.08791
7969 40529638 1 9 90 1 19358290 116.22065 39.97712
7970 61996981 2 68  1 430452 116.55266 39.76881
7971 62314182 2 172  1 9015182 116.29856 39.67727
7972 35408272 23 12  1 70243346 116.41712 40.01608
7973 32943683 8 90  1 632006 116.37756 39.88924
7974 46946119 1 188 80 1 30241332 116.37943 39.96058
7975 36290683 22 353  1 15758500 117.12385 40.14123
7976 40529639 1 189 90 1 12666249 116.22045 39.9771
7977 36418223 8 0  1 406267 116.29725 39.93261
7978 35408273 23 193  1 572668 116.41677 40.01583
7979 61996982 2 142  1 395145 116.57861 39.7607
7980 32943697 8 271  1 30016257 116.45833 39.88449
7981 62314183 1 89 30 1 18065359 116.27934 39.67824
7982 46946120 1 6 80 1 49043966 116.37955 39.96054
7983 30930058 1 89 70 1 40601508 116.62503 40.12886
7984 36327413 2 89  1 39046928 116.36546 39.72195
7985 36290684 22 351  1 54376935 117.12364 40.14281
7986 35408274 7 89  1 584544 116.41676 40.02201
7987 36418224 2 270  1 17307721 116.26055 39.92432
7988 40529640 1 256 90 1 12666251 116.22873 39.99661
7989 61997997 1 87 40 1 673900 116.3982 39.98817
7990 62314184 2 85  1 62385255 116.2772 39.67812
7991 32924671 1 8 60 1 20258096 116.02035 40.5102
7992 30930060 1 339 70 1 15342060 116.63796 40.05052
7993 46946121 1 270 50 1 668468 116.37891 39.949
7994 32943707 8 150  1 32093076 116.41969 39.88624
7995 36418225 2 187  1 396234 116.27462 39.91818
7996 35408275 23 14  1 88026269 116.4085 40.02099
7997 61997998 2 179  1 31864942 116.29634 39.97222
7998 62314185 2 266  1 18059359 116.27648 39.68281
7999 30930061 1 160 70 1 15342065 116.63787 40.05047
8000 32943713 1 270 50 1 493558 116.31322 39.89726
8001 36749063 2 270  1 72516734 116.1661 39.80154
8002 36290685 2 0  1 54463715 116.65281 40.18303
8003 46946125 1 124 50 1 87757556 116.44917 39.961
8004 36418226 7 268  1 582028 116.43333 39.98924
8005 61997999 2 342  1 31864953 116.29895 39.96156
8006 31204185 1 89 80 1 680551 116.38069 39.96809
8007 35408276 23 193  1 88026267 116.40833 40.02098
8008 40529642 1 0 90 1 12666257 116.21213 39.93388
8009 30930062 1 342 70 1 28016588 116.63183 40.06743
8010 36290686 2 88  1 61632752 116.65246 40.1832
8011 62314186 2 86  1 19689877 116.28163 39.66721
8012 36418227 23 0  1 12676371 116.49001 39.94027
8013 32943714 1 61 50 1 502246 116.31292 39.89672
8014 36290687 2 89  1 50040560 116.66661 40.18325
8015 46946128 1 89 50 1 87757587 116.39831 39.96843
8016 61998000 6 342  1 31864953 116.29896 39.96154
8017 62314187 2 266  1 19689880 116.28212 39.66723
8018 40529643 1 178 90 1 12666255 116.21196 39.93313
8019 30930063 1 162 70 1 28016590 116.63173 40.0674
8020 36418228 2 59  1 662781 116.47437 39.96759
8021 46946129 1 267 50 1 87757585 116.3982 39.96886
8022 30566114 1 41 50 1 14760703 116.43238 40.40834
8023 36290688 2 297  1 1771281 116.40731 40.2288
8024 32943715 8 353  1 60885739 116.31145 39.87778
8025 40529645 1 256 80 1 12666260 116.23815 39.92537
8026 36418229 7 156  1 366488 116.35373 39.98022
8027 36419364 2 260  1 19258262 116.31188 40.06421
8028 35408281 23 339  1 88026184 116.40237 40.0183
8029 62314188 2 263  1 26172110 116.29108 39.67358
8030 30930065 1 272 70 1 49911717 116.59929 40.03635
8031 40529646 1 77 80 1 12666261 116.23815 39.92527
8032 61998001 6 164  1 31864954 116.2988 39.9618
8033 32943716 8 169  1 12644748 116.31123 39.87771
8034 36418230 7 270  1 12874519 116.33118 39.96764
8035 62314189 2 180  1 392648 116.30669 39.68489
8036 46800131 1 91 50 1 87728858 116.38246 39.85687
8037 30930066 1 92 70 1 49911445 116.59928 40.03626
8038 35408282 23 159  1 88026187 116.4023 40.01819
8039 32943720 8 173  1 39862457 116.31091 39.88091
8040 40529647 1 269 80 1 12666264 116.21923 39.92478
8041 46946131 1 357 50 1 87757589 116.40241 39.9664
8042 36418231 22 268  1 14190142 116.33111 39.96764
8043 46932309 1 90 70 1 85625919 116.30772 40.2223
8044 60972117 22 269  3 20459789 116.6161 40.05448
8045 32943727 1 212 80 1 635189 116.46044 39.86797
8046 35408283 23 81  1 88026179 116.38402 40.02059
8047 30930075 1 82 70 1 747834 116.59039 40.07788
8048 61998002 2 164  1 31864954 116.29879 39.96181
8049 40529648 1 90 80 1 49046863 116.21914 39.92463
8050 46946142 1 180 70 1 40040529 116.4077 39.96538
8051 32943734 8 177  1 615566 116.42084 39.88043
8052 35408284 23 259  1 88026176 116.38391 40.02071
8053 36290692 2 16  1 86750407 117.10466 40.12246
8054 62314191 2 185  1 71372678 116.30676 39.69191
8055 40529650 1 349 100 1 12666267 116.70776 39.92721
8056 32943740 1 268 80 1 549416 116.40802 39.87215
8057 36290693 2 169  1 62274381 116.84028 40.15228
8058 35408285 23 2  1 14190302 116.37228 39.94706
8059 61998003 2 0  1 72264079 116.46292 40.00824
8060 32943741 1 88 80 1 49045980 116.40831 39.872
8061 60944117 18 178  1 70769074 116.48341 40.13357
8062 62314193 2 263  1 415863 116.30216 39.69116
8063 36737721 22 169  1 41519990 116.64422 39.90359
8064 35408286 23 182  1 14190302 116.37228 39.94705
8065 46882175 1 322 120 1 87767833 116.35131 40.02633
8066 36418234 2 270  1 14190366 116.32635 39.93248
8067 36290695 2 201  1 71369387 116.67755 40.21589
8068 32943752 8 179  1 493709 116.31023 39.89111
8069 30930076 1 170 50 1 87659171 116.58198 40.0837
8070 61998004 2 270  1 72264087 116.4598 40.02061
8071 46946147 1 270 50 1 13208392 116.40499 39.94923
8072 62314194 2 357  1 40425426 116.3396 39.72664
8073 35408287 23 355  1 87767287 116.37042 39.96601
8074 36418235 7 268  1 668624 116.41976 39.98886
8075 30930441 1 151 60 1 49810267 116.77633 39.83609
8076 46946148 1 91 50 1 686206 116.40783 39.94876
8077 40529651 1 167 100 1 12666269 116.70763 39.92705
8078 32943777 8 27  1 62269799 116.37254 39.86079
8079 36362235 22 90  1 637274 116.45785 39.91343
8080 36418236 7 175  1 70764438 116.30064 39.97782
8081 35408288 23 174  1 87767289 116.37027 39.96594
8082 36290697 2 4  1 61585345 116.65263 40.17616
8083 61998005 2 275  1 72264140 116.44196 40.02166
8084 30930442 1 283 70 1 487076 116.71125 39.91788
8085 36562571 2 261  1 19560793 116.48082 39.80041
8086 62314195 2 145  1 71372263 116.31244 39.7441
8087 32943818 1 180 50 1 549328 116.46088 39.8771
8088 40529652 1 356 100 1 12666272 116.70887 39.9199
8089 36289131 2 88  1 32398685 116.36266 39.98172
8090 46946158 1 299 50 1 87757707 116.44326 39.96546
8091 36418237 2 303  1 400087 116.30353 39.97231
8092 36290698 2 23  1 71369382 116.67733 40.21504
8093 35408289 23 0  1 87767637 116.35334 39.9916
8094 61998006 2 178  1 72264226 116.47332 40.00218
8095 32943828 1 7 80 1 30075896 116.34745 39.85765
8096 40529653 1 270 100 1 12666273 116.70819 39.92359
8097 36418238 2 171  1 42172188 116.30709 39.96656
8098 36290699 2 91  1 60923747 116.59654 40.11786
8099 35408290 23 177  1 60885262 116.35312 39.99137
8100 46946159 1 304 80 1 71113551 116.44316 39.96533
8101 62314196 2 172  1 14640667 116.32217 39.70193
8102 32943829 8 185  1 39862436 116.34728 39.85767
8103 61998007 2 357  1 72264240 116.47333 40.00497
8104 40529654 1 90 100 1 12666275 116.70855 39.92348
8105 62255019 2 65  1 19362848 116.53247 39.76967
8106 46946160 1 124 50 1 87757702 116.44296 39.96513
8107 36354214 1 352 70 1 747913 116.61734 40.04772
8108 30930444 1 87 70 1 19363485 116.62927 39.92688
8109 36290700 2 89  1 41535409 117.08698 40.14538
