4506 46804156 1 228 50 1 40416120 115.86863 40.13736
4507 36358412 2 181  1 69584598 116.46029 40.04536
4508 62314211 2 162  1 26172109 116.29079 39.67377
4509 32922768 1 275 70 1 41171789 116.87979 40.17076
4510 36648224 1 268 60 1 41508701 116.33366 39.87253
4511 36276349 8 269  1 12644847 116.41408 39.90104
4512 30475114 1 178 70 1 14613693 116.58035 39.70211
4513 34601418 6 17  1 14751772 116.65827 40.15456
4514 46804157 1 47 50 1 87904639 115.86861 40.13734
4515 32922769 1 95 70 1 29942395 116.87979 40.17057
4516 36648225 2 179  1 12645193 116.36409 39.87283
4517 36358413 2 1  1 734324 116.46029 40.04497
4518 62163085 2 249  1 298478 116.23546 39.99873
4519 36276350 8 177  1 622814 116.39789 39.87655
4520 32924595 1 270 40 1 19357966 116.2242 39.99262
4521 36358416 2 24  1 727798 116.47331 40.00139
4522 46804158 1 313 80 1 87904650 116.13383 39.92011
4523 36665240 2 90  1 17477924 116.41375 39.91549
4524 60972135 1 171 50 1 366399 116.36615 40.39197
4525 32924596 1 90 40 1 19357966 116.22427 39.99262
4526 34601457 8 190  1 316636 116.2466 39.94366
4527 46946165 1 9 50 1 87757719 116.37988 39.94653
4528 36563637 7 68  1 579224 116.43277 39.98893
4529 36665241 2 94  1 60885481 116.50267 39.97183
4530 36276352 2 90  1 72594756 116.46177 40.01147
4531 60972136 22 310  1 436493 116.54379 40.41633
4532 36358417 23 272  1 88026192 116.40761 40.00957
4533 30475116 1 177 70 1 71192463 116.59057 39.69531
4534 36665242 2 180  1 626973 116.41792 39.91083
4535 46804168 1 275 60 1 72066001 116.15232 39.88912
4536 62021011 2 270  1 88217447 116.65165 40.13463
4537 36276353 2 269  1 72594693 116.46855 40.00174
4538 34601458 8 336  1 15778585 116.32101 39.96795
4539 36665244 2 180  1 62174818 116.50372 39.98073
4540 36358418 8 10  1 583069 116.41047 40.03225
4541 32924599 1 272 70 1 40416631 116.24918 39.94743
4542 60972137 22 108  1 71230387 116.54577 40.41521
4543 62163087 2 273  1 15440850 116.21695 39.9334
4544 36665245 2 12  1 58252302 116.50374 39.98016
4545 34601459 1 187 60 1 39862497 116.37964 39.96352
4546 46804169 1 94 60 1 87904721 116.15272 39.88893
4547 30475124 1 89 50 1 14614018 116.39437 39.7097
4548 32924600 1 93 70 1 300079 116.24916 39.94728
4549 31162344 1 95 80 1 26121042 116.01431 39.55833
4550 36276354 22 123  1 673365 116.47815 39.98732
4551 36358419 8 8  1 574041 116.40948 40.02656
4552 36419293 5 156  1 699794 116.30327 40.05267
4553 60972138 22 313  1 20255583 116.55363 40.40867
4554 62242225 2 270  1 676473 116.42215 39.93374
4555 62165168 2 93  1 30397667 116.10578 39.72743
4556 46804172 1 326 60 1 87904880 116.12665 39.95641
4557 30475125 1 358 70 1 14614037 116.40532 39.7388
4558 36665247 2 359  1 19609771 116.42671 39.91529
4559 60972139 22 136  1 446612 116.55448 40.40779
4560 46804173 1 141 60 1 30021047 116.12655 39.95635
4561 32924601 8 255  1 61646637 116.18405 39.92729
4562 36358420 23 182  1 712310 116.40789 40.00903
4563 36276355 23 268  1 625497 116.41773 39.90826
4564 32870609 6 250  1 62118126 116.30637 40.05057
4565 36665248 2 89  1 62174812 116.50345 39.98037
4566 46932343 1 168 40 1 88702780 116.92323 40.17256
4567 30475126 1 180 70 1 14614040 116.4051 39.74005
4568 62171083 1 90 40 1 62101473 116.42874 39.76622
4569 46804174 1 236 50 1 16460499 116.13765 39.95445
4570 32931603 8 93  1 70206860 116.25437 39.947
4571 36665249 22 270  3 625608 116.42888 39.90506
4572 36358421 23 90  1 712307 116.40865 40.00937
4573 30442195 1 104 70 1 31772897 116.99149 40.14324
4574 32924603 8 265  1 12666266 116.18499 39.92461
4575 36276356 23 89  1 32092809 116.40707 39.90786
4576 30475128 1 51 70 1 429865 115.9809 39.68565
4577 62171084 2 259  1 26171039 116.42226 39.80344
4578 46804175 1 174 60 1 87904926 116.09624 39.98576
4579 60972141 22 127  1 70620398 116.62158 40.34026
4580 36358422 2 271  1 26186824 116.44246 40.03248
4581 34604217 21 87 80 1 12855136 116.46811 39.90471
4582 46804176 1 0 60 1 87904925 116.09624 39.98576
4583 46923154 1 89 70 1 62269801 116.36996 39.88919
4584 36276357 1 177 40 1 19609764 116.4115 39.90756
4585 40697089 1 90 80 1 69903290 116.3391 39.84885
4586 32924607 8 9  1 316634 116.24683 39.94355
4587 46804177 1 173 60 1 87904924 116.09632 39.98423
4588 60972142 18 248  1 49244500 116.55706 40.25327
4589 62046869 7 189  1 415386 116.27533 39.95322
4590 36276358 5 86  1 633396 116.41595 39.90518
4591 32924608 8 316  1 39862403 116.23919 39.95302
4592 36665251 7 256  1 415506 116.35947 39.94494
4593 34604219 8 171  1 554027 116.446 39.84899
4594 46804178 1 342 60 1 62592265 116.09479 39.99376
4595 36746693 2 139  1 49809917 116.80142 39.77321
4596 62242226 2 304  1 15594043 116.48439 39.97607
4597 36358424 2 181  1 70769033 116.44164 40.03291
4598 36665252 2 271  1 58252308 116.50404 39.98048
4599 30475131 1 266 70 1 14614146 115.96355 39.6781
4600 36276359 2 90  1 634936 116.43442 39.90834
4601 34604241 1 266 50 1 15076466 116.58916 39.50758
4602 46804179 1 159 60 1 69991828 116.09479 39.99376
4603 60972143 18 251  1 88703003 116.56644 40.25702
4604 36358425 2 182  1 19613204 116.44127 40.02244
4605 36290797 2 180  1 320519 116.16904 39.92644
4606 32924617 1 87 70 1 87913799 116.6085 40.04606
4607 62357485 2 266  1 15076686 116.62154 39.57306
4608 30475132 1 312 60 1 14614170 115.98339 39.71262
4609 36362327 1 82 60 1 712531 116.46338 40.00098
4610 36276360 2 271  1 621040 116.37853 39.90194
4611 36358426 2 0  1 42256920 116.44188 40.03468
4612 60972144 1 39 60 1 60921643 116.5819 40.27498
4613 35408312 23 270  1 398422 116.31552 39.93244
4614 34604242 1 101 30 1 15076673 116.59919 39.57332
4615 30475133 1 130 60 1 14614169 115.9833 39.71257
4616 36665254 2 182  1 29692039 116.50303 39.97211
4617 46804183 1 113 60 1 18061555 116.08654 40.0015
4618 62171090 2 173  1 50085773 116.38005 39.77106
4619 32924618 1 211 30 1 747914 116.61577 40.04176
4620 36276361 23 269  1 32093152 116.40651 39.90081
4621 34604245 6 186  1 85623858 117.00886 40.06571
4622 30475134 1 7 50 1 14614173 115.98475 39.7156
4623 36665255 22 264  3 634969 116.43211 39.9051
4624 60972145 1 219 60 1 60921640 116.58178 40.27503
4625 36358427 2 54  1 62174310 116.43585 40.03735
4626 34604246 6 6  1 85623859 117.00899 40.06566
4627 46804186 1 162 60 1 41575891 116.08732 39.98638
4628 36276363 2 0  1 53887783 116.4572 39.98835
4629 32924621 1 260 100 1 87913772 116.5887 40.03554
4630 30475135 1 191 50 1 9000001316190 115.98475 39.7156
4631 36665256 22 180  3 590245 116.43222 39.90832
4632 62171091 2 90  1 32246396 116.38002 39.77097
4633 34604247 1 33 50 1 86344931 117.09762 40.0752
4634 62242227 5 89  1 674674 116.41698 39.92797
4635 46804187 1 315 50 1 87904983 116.02161 39.9747
4636 30475136 1 186 40 1 71114326 115.9693 39.71715
4637 60972146 18 278  1 88653168 116.6524 40.27345
4638 36358428 2 317  1 71970089 116.43659 40.03725
4639 36665257 2 270  1 15811848 116.41159 39.91552
4640 34604249 1 213 50 1 86344931 117.09763 40.07522
4641 46804188 1 132 40 1 87904982 116.02161 39.9747
4642 62171092 2 354  1 50085822 116.38237 39.75033
4643 30475137 1 15 40 1 14614185 115.9693 39.71715
4644 36665258 22 179  1 530146 116.41789 39.91335
4645 60972147 18 37  1 298273 116.74957 40.28271
4646 36276365 22 269  1 625573 116.42587 39.90505
4647 32924646 8 180  1 40416601 116.40737 39.97922
4648 46804192 1 0 40 1 14190639 116.24308 40.04481
4649 36358429 2 137  1 19613201 116.43569 40.03806
4650 34604250 1 214 40 1 18569110 117.10095 40.08053
4651 40697090 1 252 80 1 12644675 116.35967 39.85357
4652 62171093 2 176  1 313648 116.38232 39.75083
4653 36677569 2 188  1 18668243 116.86252 40.38888
4654 34604272 1 357 60 1 15266169 116.20696 39.9425
4655 30475138 1 270 60 1 422149 115.9757 39.72533
4656 36276366 2 268  1 70610028 116.40512 39.90076
4657 60972148 22 277  1 17257381 116.6445 40.30148
4658 36358430 2 182  1 61795335 116.42214 40.03809
4659 46804193 1 180 40 1 87905060 116.24308 40.04481
4660 34604273 6 177  1 14366338 116.20682 39.94247
4661 36358431 2 250  1 40428643 116.25528 39.98239
4662 32924647 8 228  1 675730 116.47577 39.97814
4663 36276367 2 88  1 560434 116.39563 39.87236
4664 36671156 2 198  1 17374865 116.65055 40.73934
4665 46804194 1 2 40 1 18059448 116.23137 40.04279
4666 32941619 8 180  1 17194105 116.40738 39.98261
4667 36641060 2 85  1 299439 116.86761 39.94803
4668 62171094 2 349  1 71372250 116.23282 39.91628
4669 60972149 22 267  1 292740 116.63199 40.30869
4670 34765294 1 215 100 3 12505770 117.32879 40.74225
4671 34604274 1 306 70 1 88049150 116.24988 39.9367
4672 36671157 1 84 80 1 17283189 116.68686 40.76313
4673 32931604 8 273  1 70206867 116.25644 39.947
4674 32943986 6 162  1 17257376 116.64228 40.3004
4675 36276368 2 0  1 668832 116.45738 39.99217
4676 32924650 1 264 50 1 42568968 116.88233 39.68657
4677 60972150 22 268  1 15086114 116.64401 40.31385
4678 30475140 1 67 30 1 14614219 115.92392 39.67547
4679 62171487 2 183  1 14366702 116.26815 39.94178
4680 36671158 2 72  1 17283144 116.73462 40.78916
4681 34604275 1 126 70 1 19613362 116.24973 39.93652
4682 60972151 22 269  1 88653279 116.64171 40.32124
4683 32924651 1 84 50 1 42568968 116.88233 39.68657
4684 30475141 1 207 60 1 420626 115.93663 39.6935
4685 36276369 2 269  1 40416768 116.47344 40.01162
4686 36671159 2 22  1 17374874 116.65031 40.73818
4687 34610333 8 90  1 393815 116.29245 39.93225
4688 62171488 2 272  1 393208 116.26857 39.9412
4689 36358432 18 95  1 12962859 116.33285 39.93821
4690 36276370 2 92  1 40416693 116.46747 39.99714
4691 36671160 1 263 80 1 17283187 116.68685 40.76325
4692 32924653 1 329 60 1 42568990 116.90245 39.69364
4693 60972152 22 88  1 279592 116.64032 40.32258
4694 36276371 2 236  1 60923512 116.39622 39.94034
4695 36362083 2 268  1 29833318 116.3133 39.97875
4696 34765295 1 343 100 2 28285584 117.30324 40.70581
4697 62171489 2 2  1 393214 116.26825 39.94087
4698 46804200 1 90 70 1 566518 116.15046 40.0682
4699 32924654 1 150 60 1 42568992 116.90236 39.69361
4700 34610334 8 269  1 60394843 116.30513 39.93243
4701 60972153 22 89  1 277185 116.64009 40.32122
4702 32941731 8 357  1 70040472 116.33405 39.97136
4703 46804201 1 270 70 1 87905267 116.1672 40.06846
4704 36362084 2 273  1 406471 116.30872 39.97908
4705 36671161 2 255  1 17283122 116.73526 40.78952
4706 30475143 1 181 60 1 431409 115.95527 39.737
4707 34610336 8 346  1 29880144 116.51753 39.92363
4708 36623639 2 332  1 738866 116.55101 40.03284
4709 60866101 6 185  1 17642770 116.14654 39.66955
4710 62171775 2 84  1 701773 116.27852 40.01218
4711 30475145 1 82 50 1 14614249 115.97358 39.76461
4712 32924655 1 240 50 1 258680 116.88356 39.71917
4713 36276373 8 357  1 87728902 116.42178 39.86601
4714 34610355 1 87 100 1 403543 116.2822 39.69126
4715 36362085 2 89  1 31772948 116.31968 39.98532
4716 46804317 1 171 50 1 88534581 117.0134 39.70306
4717 62171776 2 185  1 701602 116.2703 40.00593
4718 30475146 1 262 50 1 14614250 115.97358 39.76461
4719 32924656 1 60 50 1 258680 116.88356 39.71917
4720 36671162 2 3  1 17283112 116.75518 40.79748
4721 34633217 1 233 50 1 698103 116.33144 40.05699
4722 36362086 1 88 50 1 371367 116.33104 39.99257
4723 46804318 1 69 70 1 15796944 117.02032 39.97609
4724 60972155 22 86  1 276938 116.63232 40.31861
4725 30475147 1 261 50 1 14614318 115.87954 39.80755
4726 36671163 2 178  1 72291646 116.75504 40.79835
4727 62171777 23 325  1 88044132 116.27387 40.00427
4728 36276375 23 0  1 566739 116.40673 39.90812
4729 36314892 18 320  3 14914102 115.41029 39.74859
4730 60972156 22 357  1 14594519 116.82218 40.50176
4731 32924659 1 30 50 1 61646044 116.81915 39.61937
4732 30475148 1 90 30 1 14614317 115.87954 39.80755
4733 36362088 2 89  1 406464 116.30804 39.97901
4734 34633218 1 232 60 1 691076 116.33147 40.05693
4735 62171779 1 162 70 1 32092586 116.42207 40.05947
4736 36671164 2 158  1 72291826 116.65103 40.877
4737 36276376 23 178  1 632392 116.41187 39.90039
4738 30442236 1 180 50 1 14770692 116.48961 39.90797
4739 30475149 1 233 30 1 14614334 115.85949 39.80985
4740 46821326 1 69 40 1 85634390 116.6328 39.91654
4741 36362089 1 88 60 1 31966613 116.33102 39.99263
4742 60972157 22 174  1 14594519 116.82215 40.50217
4743 34633219 1 52 60 1 691078 116.33155 40.05686
4744 36276377 23 356  1 615544 116.41239 39.89325
4745 36671165 2 340  1 72291833 116.62324 40.90202
4746 32924662 1 270 70 1 19695618 116.7963 39.67545
4747 46821327 1 249 40 1 85634391 116.6328 39.91654
4748 36362090 8 355  1 421338 116.37075 39.96243
4749 34633220 1 53 50 1 9000000103534 116.33161 40.05682
4750 30475150 1 45 50 1 14614333 115.85949 39.80985
4751 32924663 1 91 70 1 19695620 116.7963 39.67537
4752 36362091 23 267  1 506730 116.37398 39.89984
4753 46821328 1 52 60 1 85634424 116.61137 39.84897
4754 60972160 1 116 50 1 18702027 117.17425 40.50053
4755 30475151 1 270 50 1 18056332 115.81388 39.82676
4756 36671166 1 215 60 1 17769651 116.64181 41.04718
4757 34633221 6 142  1 698090 116.32321 40.06195
4758 32924668 1 164 50 1 88698971 116.23041 40.43652
4759 35283208 8 103  1 30252706 116.68904 39.87141
4760 36362092 8 88  1 30075891 116.36379 39.89936
4761 30472175 1 180 40 1 14190299 116.37226 39.94749
4762 30475152 1 90 30 1 14614348 115.81388 39.82676
4763 34633222 1 356 50 1 695185 116.31778 40.01668
4764 62171783 2 182  1 749376 116.56762 40.07617
4765 36671167 2 309  1 72291801 116.71201 40.85304
4766 46821329 1 231 60 1 85634423 116.61137 39.84897
4767 36276379 23 270  1 70610023 116.39162 39.90037
4768 32924669 1 274 30 1 50105788 116.39475 40.78842
4769 36671168 2 337  1 72291829 116.65149 40.87624
4770 34637208 1 142 100 1 799082 116.5097 39.98856
4771 36362093 7 85  1 444946 116.37004 39.86984
4772 32924670 1 94 30 1 50105788 116.39473 40.78842
4773 62254962 2 63  1 19362357 116.52395 39.78687
4774 60972161 1 296 50 1 18702027 117.17425 40.50053
4775 62171784 2 265  1 87767942 116.27932 40.01226
4776 46831323 1 277 50 1 88640054 116.55892 39.96528
4777 30475154 1 283 60 1 14614443 115.52321 39.66791
4778 36276380 23 2  1 631371 116.40701 39.90111
4779 36362094 2 338  1 336094 116.17251 39.92389
4780 36671169 2 353  1 72291858 116.61477 40.98205
4781 30475155 1 103 60 1 14614442 115.52321 39.66791
4782 62360798 2 232  1 16461550 116.10722 39.88741
4783 36276381 5 85  1 565708 116.4317 39.92936
4784 46831329 1 164 70 1 88640117 116.57323 39.96787
4785 40703109 1 187 70 1 12650985 116.69169 39.60787
4786 60972162 22 358  1 85159728 116.64486 40.3283
4787 36671170 1 153 80 1 17746428 116.62269 40.90289
4788 62171785 2 262  1 688973 116.28288 40.01267
4789 34637210 8 269  1 14226310 116.5058 39.92315
4790 36276382 22 270  1 32092883 116.42626 39.90506
4791 60972163 22 93  1 277173 116.64311 40.3312
4792 30475156 1 64 50 1 32322831 117.22942 40.32743
4793 36671171 1 334 80 1 17746429 116.62282 40.90295
4794 46831330 20 348 100 1 88640379 116.58492 39.95105
4795 34637211 8 89  1 50048653 116.50581 39.92302
4796 36255074 2 229  1 86288328 115.92446 39.52709
4797 36419297 2 76  1 17310516 116.30968 40.06702
4798 46831331 21 162 100 1 88640378 116.58474 39.95114
4799 34637213 8 270  1 791427 116.5293 39.94155
4800 36671172 1 275 50 1 72291673 116.30069 40.66677
4801 32924673 1 93 60 1 20258148 116.08361 40.54992
4802 30475158 1 335 50 1 14614503 117.14215 40.34357
4803 36418200 18 87  1 673900 116.3982 39.98817
4804 62171786 2 177  1 50047499 116.26706 40.01672
4805 62047945 22 279  3 61800916 116.66097 39.90039
4806 36362096 22 126  1 32221034 116.47324 39.99869
4807 62314935 2 169  1 61207559 116.33565 39.75826
4808 36671173 2 153  1 17746428 116.62279 40.9027
4809 36354373 5 340  1 694244 116.32993 40.03019
4810 46831332 1 78 50 1 88640398 116.51909 40.23634
4811 30475159 1 149 50 1 14614502 117.14214 40.34359
4812 34637218 21 27 100 1 12512164 116.59637 40.0074
4813 31191038 1 170 50 1 17210894 116.33028 40.44126
4814 32926595 8 358  1 557495 116.42192 39.84329
4815 30475162 1 200 40 1 62338031 117.07675 40.28981
4816 62171787 2 90  1 702622 116.26979 40.00549
4817 36362097 5 270  1 683801 116.42505 39.97548
4818 36276385 2 90  1 86035302 116.47003 40.0086
4819 36671174 2 127  1 72291798 116.71116 40.85351
4820 30475163 1 21 40 1 14614545 117.07675 40.28981
4821 60972165 22 162  1 293943 116.62778 40.31999
4822 32926596 8 178  1 546686 116.42172 39.84505
4823 46831333 1 269 60 1 88640506 116.52462 40.21044
4824 36671175 2 201  1 72291855 116.6147 40.98272
4825 34637219 20 211 100 1 12512165 116.59619 40.00753
4826 62171788 2 178  1 17307798 116.267 40.01813
4827 30475165 1 277 40 1 1908523 117.36739 40.18003
4828 36276387 23 126  1 62200016 116.40978 39.85768
4829 32926597 8 3  1 557491 116.42189 39.84723
4830 36283646 2 54  1 1665326 116.48194 40.09364
4831 46800299 1 117 60 1 9000000113805 115.63065 39.63961
4832 60972166 22 184  1 17256925 116.63498 40.32624
4833 36362098 2 0  1 798717 116.51722 39.94715
4834 30928126 1 315 60 1 343823 116.80846 40.02991
4835 34637273 1 302 120 1 58947030 116.67014 39.76028
4836 30475166 1 118 50 1 30261441 117.32101 40.18829
4837 60972167 22 180  1 298325 116.64492 40.3196
4838 36362099 2 183  1 40601413 116.51716 39.94487
4839 34637279 1 359 50 1 9000000093719 116.55735 39.7228
4840 36276388 23 87  1 30015968 116.41277 39.89278
4841 32926598 8 0  1 71113817 116.42199 39.85112
4842 30475167 1 214 50 1 14614585 117.32809 40.20756
4843 36362100 2 180  1 15480368 116.45702 39.98496
4844 36671239 2 89  1 574028 116.23328 40.21263
4845 34637280 1 179 50 1 9000000093719 116.55736 39.72279
4846 62171789 2 2  1 749376 116.56773 40.07993
4847 32926599 8 182  1 555980 116.42185 39.85344
4848 30475168 1 33 50 1 14614586 117.32809 40.20756
4849 60972168 22 269  1 85159498 116.63004 40.3329
4850 62016164 2 91  1 808381 116.56433 39.94082
4851 46831335 1 222 120 1 88640512 116.50797 40.21882
4852 36276390 2 180  1 619518 116.37827 39.90218
4853 36671240 2 142  1 85731357 115.87598 40.45531
4854 34670242 8 8  1 695391 116.31519 40.00454
4855 32931629 8 88  1 393815 116.29177 39.93225
4856 46831336 1 42 120 1 88640515 116.5082 40.2188
4857 36362101 22 229  1 678130 116.47374 39.99239
4858 34593251 1 91 50 1 50056667 116.18493 40.12607
4859 36276391 23 89  1 632363 116.40714 39.90072
4860 62171790 2 84  1 87767942 116.28214 40.01258
4861 34670243 8 348  1 693817 116.31807 40.01524
4862 30475170 1 276 60 1 14614598 117.3197 40.20875
4863 46831337 1 265 60 1 88640528 116.59489 40.21212
4864 46800300 1 54 60 1 88454757 115.74462 39.58685
4865 36362102 2 250  1 88075283 116.45829 39.98487
4866 36671241 2 323  1 612907 115.87616 40.45508
4867 62213543 2 182  1 42256852 116.56769 40.0808
4868 30475171 1 255 70 1 14614605 117.28648 40.18218
4869 34670244 8 153  1 693817 116.31757 40.01646
4870 60972169 22 94  1 41171838 116.63208 40.32919
4871 36276392 2 270  1 32159328 116.47091 40.00871
4872 30475172 1 75 70 1 14614606 117.28653 40.18207
4873 36362103 8 227  1 87757610 116.45896 39.96293
4874 60982094 22 270  1 9000000101982 116.67246 40.3474
4875 34670246 6 143  1 692658 116.32232 40.06311
4876 36671242 1 321 40 1 40416169 115.78837 40.45329
4877 46831338 1 85 60 1 88640529 116.59489 40.21202
4878 36276394 5 86  1 573586 116.42518 39.95034
4879 36362104 2 308  1 684628 116.45316 39.97303
4880 32926602 8 75  1 29880275 116.51765 39.94041
4881 34719235 8 174  1 721294 116.37556 40.00535
4882 60982095 18 255  1 12505807 116.58458 40.26199
4883 36671243 1 141 40 1 40416169 115.78837 40.45329
4884 30842078 1 263 70 1 87873866 116.30297 40.11166
4885 62213545 2 88  1 72594725 116.47287 40.00524
4886 34722208 1 288 50 1 54322016 116.07549 39.81148
4887 46831342 1 287 50 1 15254779 116.95391 40.08381
4888 36362105 2 97  1 29942708 116.55672 39.96547
4889 36276395 23 356  1 32093080 116.40031 39.8769
4890 36446008 2 266  1 62338705 116.32598 39.75731
4891 32993726 1 54 70 1 85779933 115.78727 40.43708
4892 32926603 8 90  1 29880122 116.53549 39.92353
4893 60982096 18 256  1 391155 116.57828 40.2604
4894 36671244 2 167  1 50123472 115.99348 40.47439
4895 34722209 1 108 40 1 54322016 116.07549 39.81148
4896 34543350 1 121 50 1 891673 116.75609 40.63258
4897 46831343 1 107 50 1 88743328 116.95391 40.08381
4898 62213546 2 272  1 72594714 116.47354 40.00532
4899 32926604 8 274  1 803720 116.53367 39.91671
4900 36362106 22 0  1 611968 116.41721 39.9954
4901 36276396 2 89  1 663575 116.37848 39.98212
4902 30475177 1 269 50 1 14728294 117.1358 40.14585
4903 34722219 1 262 40 1 12651005 116.78405 39.59182
4904 60982097 1 263 30 1 87767948 116.28684 40.01351
4905 36671245 2 345  1 612754 115.99375 40.47399
4906 36419352 2 265  1 17310513 116.30983 40.06705
4907 36362107 2 7  1 40040558 116.41742 39.99809
4908 46831344 1 273 70 1 88743377 116.91856 40.15331
4909 36419300 2 72  1 61633613 116.31364 40.06441
4910 36276397 8 277  1 40040782 116.39624 39.98845
4911 34722220 1 82 50 1 12651005 116.78405 39.59182
4912 62213547 15 358  1 584151 116.46779 40.00508
4913 36671246 2 80  1 612752 115.99336 40.47409
4914 36362108 2 304  1 673316 116.47355 39.99861
4915 36276398 2 90  1 19613242 116.47249 40.00861
4916 30475178 1 88 50 1 14728297 117.13582 40.14573
4917 34739208 1 179 70 1 450105 116.25284 39.87354
4918 32926606 8 94  1 802382 116.52611 39.91716
4919 46831345 1 93 70 1 88743378 116.91855 40.15321
4920 36671247 1 189 60 1 914043 116.67612 40.57059
4921 36276399 2 3  1 701941 116.45717 39.98629
4922 36362109 5 88  1 663334 116.42897 39.97277
4923 62218458 2 274  1 28298583 116.30888 39.42569
4924 30475179 1 209 50 1 14728305 117.02666 40.25598
4925 36746699 18 305  1 12651011 116.79174 39.65771
4926 36276400 8 88  1 669281 116.40208 39.96868
4927 34739209 1 0 70 1 41508488 116.25304 39.87053
4928 36671248 2 108  1 427202 116.62366 40.35725
4929 36362110 23 304  1 15154481 116.47972 39.96467
4930 32919693 6 323  1 355154 116.00229 40.46005
4931 32926607 8 270  1 802393 116.52571 39.9173
4932 60982099 18 270  1 692471 116.36242 40.02305
4933 30475184 1 278 40 1 14728348 117.23843 40.15027
4934 34739210 1 0 40 1 455845 116.26468 39.90895
4935 62218459 2 273  1 58309505 116.30991 39.44111
4936 36276401 23 180  1 32092904 116.41796 39.90795
4937 46845171 1 246 70 1 87906945 116.16942 40.10113
4938 40558121 1 256 120 1 12505806 116.5846 40.262
4939 30475185 1 97 50 1 14728347 117.23843 40.15027
4940 36276402 23 89  1 636714 116.4184 39.90816
4941 60982100 1 323 70 1 704216 116.3153 40.07368
4942 36677509 1 334 40 1 403227 116.2514 39.98794
4943 36362111 1 89 80 1 15154466 116.38008 39.9488
4944 46845172 1 354 50 1 87906998 116.2129 40.1164
4945 36276403 1 357 40 1 720573 116.41155 39.90642
4946 34739211 1 180 40 1 455845 116.26468 39.90895
4947 30475187 1 92 50 1 14728355 117.13623 40.13641
4948 36677510 2 139  1 414086 116.2603 39.97598
4949 36362112 2 270  1 29942680 116.55379 39.9658
4950 32926608 8 86  1 792813 116.52178 39.91688
4951 60982101 1 252 50 1 702935 116.31818 40.07485
4952 46858095 1 251 50 1 87537823 117.46747 40.6879
4953 36677511 2 319  1 25856370 116.2607 39.97565
4954 62218461 2 185  1 18863241 116.30858 39.42599
4955 30475189 1 86 70 1 14728379 117.20871 40.14599
4956 36362113 23 123  1 12676398 116.47963 39.96454
4957 34739214 1 90 70 1 29880430 116.44141 39.90845
4958 30475190 1 263 80 1 336418 116.45372 39.83275
4959 36276404 8 268  1 32092811 116.41097 39.9081
4960 60982102 1 254 50 1 12874628 116.3182 40.07478
4961 36677512 2 267  1 88072535 116.2922 39.95973
4962 34739216 8 268  1 632765 116.38959 39.90032
4963 46858096 1 71 50 1 87537825 117.46747 40.6879
4964 30475191 1 84 80 1 14728390 116.454 39.83262
4965 36362115 2 180  1 40601415 116.51712 39.94768
4966 34739235 1 80 40 1 334436 116.44601 39.76542
4967 62218462 2 181  1 86666651 116.30955 39.44123
4968 32926609 8 263  1 791309 116.52097 39.91693
4969 60982103 22 348  1 14760756 116.68216 40.40984
4970 36276405 23 357  1 19609761 116.39178 39.9006
4971 62218463 2 4  1 28298710 116.30958 39.43757
4972 30475192 1 122 120 1 49049079 116.62376 39.80016
4973 36677513 2 272  1 39862346 116.28868 39.9242
4974 36362116 18 48  1 12676395 116.45967 39.96241
4975 32926627 8 354  1 1660890 116.41254 40.10351
4976 46858097 1 283 70 3 42144227 117.28844 40.71281
4977 34739236 8 358  1 333145 116.41723 39.80472
4978 30475193 1 302 120 1 14728395 116.62394 39.8003
4979 36677514 2 354  1 363057 116.27515 39.96442
4980 62218464 2 353  1 16337039 116.30852 39.42078
4981 36276406 23 176  1 635447 116.40682 39.90048
4982 46858098 1 238 60 1 87538023 117.17943 40.71484
4983 32926628 8 174  1 1660885 116.41235 40.10351
4984 34739237 8 176  1 308429 116.41712 39.80472
4985 60982104 22 355  1 572050 116.68259 40.40792
4986 30475194 1 53 100 1 14728397 116.6669 39.82477
4987 36276407 23 89  1 14225968 116.43347 39.92946
4988 62218465 2 94  1 58309495 116.30932 39.44105
4989 36677515 1 23 50 1 18712481 115.92669 39.63936
4990 32926629 8 356  1 1660890 116.41366 40.08927
4991 36362118 2 270  1 29880378 116.49579 39.92303
4992 30475195 1 121 120 1 14728398 116.66997 39.76013
4993 60982109 22 10  1 14760785 116.63988 40.33777
4994 46858099 1 58 60 1 87538025 117.17943 40.71484
4995 34739239 8 130  1 53884240 116.45153 39.82607
4996 62218466 2 5  1 41625011 116.30911 39.43046
4997 36276408 8 359  1 636502 116.40022 39.8769
4998 46858100 1 207 70 1 87538043 117.16708 40.70379
4999 36677516 1 203 50 1 18712481 115.92669 39.63936
5000 34739242 8 338  1 303731 116.42113 39.78728
5001 60982111 22 91  1 19852613 116.66542 40.37937
5002 30475197 1 306 90 1 15086894 116.68187 39.65962
5003 36362119 2 91  1 9000000102349 116.55355 39.96574
5004 36276409 5 178  1 41172046 116.39723 39.88121
5005 36285064 2 264  1 71369323 116.79818 40.21231
5006 34758223 1 267 60 1 242872 117.01956 39.71371
5007 46873139 1 180 60 1 87669325 116.41203 40.04799
5008 62218467 2 182  1 28298707 116.30947 39.43804
5009 32926630 8 175  1 1660885 116.41355 40.08927
5010 36362120 2 262  1 696335 116.45764 39.9889
5011 36677517 2 273  1 30397664 116.10642 39.7275
5012 60982112 22 286  1 19852614 116.66371 40.37954
5013 30475198 1 126 90 1 14728418 116.68204 39.65926
5014 34758224 1 87 50 1 242872 117.01956 39.71371
5015 36276410 5 270  1 9000000124978 116.40058 39.88086
5016 36677518 7 49  1 467523 116.16586 39.77689
5017 36349771 2 271  1 1664041 116.44538 40.11892
5018 32931614 8 358  1 42237734 116.29706 39.93682
5019 32926631 8 175  1 1660886 116.41357 40.08901
5020 36677519 1 357 60 1 9000001251771 116.2214 39.73887
5021 62218468 2 270  1 28298714 116.30988 39.43791
5022 30475199 1 269 120 1 14728421 116.92401 39.80004
5023 34758225 1 338 60 1 18913797 117.01758 39.67155
5024 36419303 2 166  1 19258168 116.30172 40.06478
5025 32926632 8 356  1 1660891 116.41368 40.08899
5026 30475200 1 99 120 1 14728422 116.87798 39.801
5027 36677520 22 271  3 53884503 116.18642 39.91444
5028 60982113 22 257  1 17637221 116.66612 40.37948
5029 36276412 8 270  1 13208467 116.43143 39.94112
5030 36362121 22 304  1 673316 116.47351 39.99863
5031 46873140 1 183 60 1 9000000099908 116.41359 40.0802
5032 32926633 8 172  1 1660886 116.41391 40.08596
5033 36627703 2 9  1 15253475 116.50034 40.16072
5034 62218469 2 90  1 18784297 116.30823 39.4208
5035 34758227 1 350 60 1 18913895 117.08442 39.69421
5036 36677521 2 89  1 475017 115.71734 39.58014
5037 36276413 2 1  1 85206513 116.45813 40.00763
5038 36362122 2 126  1 666205 116.45252 39.97339
5039 60982114 22 80  1 19852594 116.65815 40.37984
5040 34758228 1 170 60 1 18913895 117.08442 39.69421
5041 36362124 23 333  1 580933 116.46156 39.95238
5042 30475205 1 6 120 1 1656134 116.4841 40.15053
5043 36677522 2 264  1 30397662 116.09518 39.72772
5044 36276414 1 182 70 1 730626 116.4577 40.00147
5045 62218470 2 5  1 58309778 116.30866 39.4253
5046 46873262 1 336 60 1 246757 116.99642 39.82667
5047 36328852 2 286  1 740344 116.56166 40.06357
5048 30475206 1 191 120 1 14728448 116.48394 40.15064
5049 61023117 1 265 70 1 88051174 116.40137 39.76598
5050 32926634 8 353  1 1660891 116.414 40.08593
5051 31191043 1 319 50 1 773798 116.40219 40.50823
5052 62218471 2 2  1 58309501 116.30968 39.44089
5053 60982115 22 237  1 17637194 116.67262 40.38343
5054 34758229 1 76 50 1 238689 117.09497 39.71837
5055 36677523 6 203  1 18712481 115.92668 39.63935
5056 36276415 2 358  1 9000000118486 116.43235 39.95403
5057 30519124 1 310 100 1 14905233 115.54062 39.60271
5058 46873263 1 156 60 1 86845471 116.99629 39.82664
5059 36677524 22 269  3 15254181 116.17645 39.91456
5060 36276416 5 89  1 691720 116.40825 39.94405
5061 36362128 2 92  1 71372199 116.63889 39.92678
5062 34758230 1 257 50 1 9000000651796 117.09547 39.71849
5063 32926635 8 172  1 1660879 116.41398 40.08543
5064 36677525 7 38  1 467551 116.16327 39.77437
5065 62218472 2 184  1 32619482 116.30898 39.4309
5066 60982116 22 58  1 41664706 116.68199 40.38837
5067 46873264 1 177 60 1 246417 116.99683 39.79324
5068 34758232 1 319 50 1 242484 117.11358 39.69971
5069 32926636 8 352  1 1660882 116.41406 40.08542
5070 36276417 5 308  1 677131 116.39659 39.9409
5071 35411336 1 46 50 1 298279 116.70908 40.25891
5072 30566110 1 68 70 1 14760674 115.91616 40.51275
5073 40558109 1 327 120 1 12505783 116.24533 40.16482
5074 32931615 8 289  1 393771 116.30042 39.94578
5075 34765219 23 213  1 624031 116.3959 39.89971
5076 36362130 22 271  1 88640258 116.63877 39.92695
5077 36677526 2 270  1 30261552 115.71811 39.58015
5078 46873265 1 357 60 1 88458717 116.99697 39.7932
5079 32926638 1 270 60 1 1643765 116.48231 40.11697
5080 36565726 7 142  1 394706 116.37457 39.99546
5081 30566111 1 332 70 1 14760684 115.98889 40.49099
5082 36276418 2 358  1 679464 116.396 39.94004
5083 46877223 1 29 60 1 88653144 116.62481 40.30112
5084 30566112 1 153 70 1 14760686 115.98874 40.49099
5085 36677527 6 23  1 18712481 115.92668 39.63935
5086 36349772 2 187  1 60921883 116.63741 40.32162
5087 32926639 1 284 100 1 1656188 116.48223 40.11683
5088 36276419 2 179  1 53887776 116.45697 39.9872
5089 34765221 8 83  1 543458 116.40023 39.90026
5090 46877224 1 210 60 1 88653143 116.62475 40.30118
5091 30566113 1 221 50 1 14760704 116.43238 40.40834
5092 60982118 22 208  1 17637223 116.68774 40.39235
5093 46877225 1 306 60 1 88653146 116.62904 40.29672
5094 36276420 23 268  1 30261149 116.40643 39.90798
5095 36354208 1 0 70 1 31741354 116.61978 40.05266
5096 34765222 8 333  1 32093116 116.40034 39.89843
5097 36362132 2 90  1 469930 116.66212 39.92243
5098 36677528 2 85  1 31882888 116.09425 39.72754
5099 32926640 1 170 60 1 1649921 116.49748 40.14349
5100 36273644 2 179  1 287882 116.23141 39.88438
5101 36276421 23 0  1 25876371 116.38482 39.88991
5102 34765223 8 190  1 631916 116.39443 39.89731
5103 62232242 1 337 50 1 14762427 115.464 40.07866
5104 36362133 2 79  1 71372237 116.69191 39.93145
5105 30566121 1 354 80 1 14760968 116.29134 39.69801
5106 60982119 22 178  1 14760782 116.63988 40.33928
5107 36677534 2 31  1 332264 116.85472 40.38858
5108 36276422 2 179  1 665827 116.42551 39.94504
5109 46877227 1 355 70 1 88653165 116.63749 40.26189
5110 62242199 7 357  1 13208479 116.43402 39.93735
5111 30566122 1 173 80 1 14760969 116.29118 39.69799
5112 32926641 1 350 60 1 1649921 116.49748 40.14349
5113 60982120 22 96  1 576356 116.63096 40.33509
5114 34765224 8 177  1 624175 116.39471 39.8956
5115 36362134 2 87  1 468305 116.65493 39.92215
5116 36677535 9 159  1 61078360 116.84881 40.36104
5117 36276423 22 235  1 560818 116.42067 39.90187
5118 62016168 2 90  1 71759652 116.40855 39.70975
5119 30566123 1 0 40 1 15076187 115.97784 39.76418
5120 32926642 1 18 60 1 1663790 116.4933 40.10228
5121 34765225 8 183  1 624920 116.39455 39.89319
5122 36362135 22 86  1 468325 116.65796 39.92233
5123 62242201 7 269  1 669973 116.39022 39.94912
5124 30568114 1 216 40 1 70329851 117.24416 40.10184
5125 60982122 22 268  1 70618448 116.66502 40.3569
5126 32926643 1 198 60 1 1663790 116.4933 40.10228
5127 31162365 1 259 50 1 276705 115.83992 39.55593
5128 36276424 2 269  1 19613210 116.45849 40.00088
5129 30568115 1 30 40 1 14751414 117.24416 40.10184
5130 34765226 8 157  1 627042 116.39481 39.892
5131 62242202 22 90  1 592728 116.43153 39.9336
5132 32926644 1 197 70 1 61676295 116.6384 40.15464
5133 60982123 22 63  1 17308009 116.66199 40.36131
5134 36677537 2 146  1 319123 116.86862 40.37282
5135 30568117 1 37 40 1 14751417 117.369 40.1772
5136 34765227 23 161  1 627041 116.39492 39.89172
5137 36362136 2 262  1 471534 116.62793 39.92687
5138 36276425 2 176  1 70243325 116.46763 40.00219
5139 62242203 7 89  1 671556 116.41085 39.94894
5140 46877229 1 6 70 1 297160 116.63755 40.26629
5141 36255771 2 180  1 315672 116.4017 39.75738
5142 36273645 2 359  1 289761 116.2431 39.90025
5143 30568120 1 18 70 1 14751612 116.56262 40.10936
5144 46796126 23 271  1 87708211 116.53496 39.92365
5145 36677538 2 90  1 70620589 116.8647 40.39413
5146 34765228 8 76  1 634460 116.39451 39.89029
5147 32926645 1 17 70 1 49859791 116.63862 40.15454
5148 36677539 2 5  1 329077 116.8361 40.39578
5149 36362141 2 180  1 72286209 116.52312 40.15299
5150 30568121 1 197 70 1 14751610 116.5625 40.10947
5151 62242204 7 332  1 584937 116.4345 39.92865
5152 46877230 1 278 120 1 88653168 116.65153 40.27357
5153 32926646 1 182 50 1 84961630 116.64132 40.12755
5154 60982125 22 89  1 573554 116.68047 40.3476
5155 46923169 1 90 70 1 87913487 116.34425 39.90722
5156 30568123 1 279 70 1 14751635 116.51142 40.18523
5157 34765229 8 79  1 17533812 116.40244 39.89213
5158 62242205 2 127  1 705447 116.48949 39.97269
5159 36276427 2 128  1 684311 116.44707 39.97286
5160 31191045 1 323 50 1 773798 116.40141 40.50916
5161 46877231 1 194 70 1 88653196 116.643 40.29276
5162 36308410 2 0  1 70618543 116.63047 40.3412
5163 36677540 2 254  1 28216465 116.89771 40.39367
5164 34765230 8 268  1 634488 116.40523 39.89263
5165 32926647 1 41 60 1 49860025 116.71782 40.15864
5166 60982126 22 15  1 17308066 116.67682 40.34498
5167 36276428 23 270  1 623263 116.46133 39.91463
5168 30568124 1 99 60 1 14751634 116.51141 40.18507
5169 36677541 2 270  1 54896870 116.86283 40.37625
5170 60997097 8 185  1 30416009 116.1844 39.74264
5171 36281928 2 337  1 86750442 117.10475 40.10861
5172 36362142 2 90  1 61676199 116.60598 40.11616
5173 46877232 1 342 60 1 17257379 116.64238 40.30046
5174 32929595 6 271  1 87102169 116.16169 39.72341
5175 62242206 2 0  1 662812 116.48988 39.97221
5176 30568125 1 270 70 1 14751638 116.62152 40.17046
5177 36677542 2 68  1 61078352 116.85541 40.3632
5178 46877233 1 164 60 1 88653197 116.64226 40.30047
5179 40558112 1 147 120 1 12505787 116.24556 40.16409
5180 32929598 1 5 60 1 40385285 116.18462 39.74269
5181 60982128 22 265  1 568946 116.69085 40.35273
5182 34765233 8 265  1 87729018 116.39039 39.88981
5183 36292375 2 27  1 69991461 116.11398 39.92083
5184 36677543 2 241  1 18667880 116.87496 40.37272
5185 36362143 2 19  1 28016728 116.52514 40.12138
5186 46877234 1 271 50 1 88653206 116.65893 40.29602
5187 62242207 2 228  1 685891 116.46618 39.96016
5188 30568126 1 197 70 1 18059749 116.63953 40.15833
5189 32929599 8 180  1 40385196 116.14195 39.74219
5190 34765234 8 84  1 87729019 116.39041 39.88969
5191 36677544 2 324  1 61078650 116.87449 40.37841
5192 36362144 2 89  1 61676203 116.58211 40.11627
5193 30568127 1 17 70 1 14751699 116.63971 40.15821
5194 62242208 7 176  1 581996 116.43377 39.93624
5195 60982129 22 354  1 86387214 116.69139 40.3615
5196 34765235 8 355  1 87728924 116.38779 39.87348
5197 36677545 2 148  1 61078404 116.8651 40.37138
5198 46877235 1 92 60 1 88653208 116.65894 40.29592
5199 36276430 23 181  1 636973 116.38469 39.88898
5200 30568128 1 208 60 1 14751720 116.66548 40.15163
5201 62242209 22 180  1 678976 116.39402 39.9423
5202 36446044 22 271  1 621212 116.48135 39.88449
5203 60982130 22 175  1 9000000103839 116.69073 40.36682
5204 36362146 2 271  1 88739549 116.60736 40.11633
5205 46877236 1 91 60 1 88652897 116.66218 40.29585
5206 62242211 7 177  1 71113696 116.43381 39.93847
5207 30568129 1 27 60 1 14751723 116.66567 40.15159
5208 34765238 8 174  1 630572 116.4001 39.85478
5209 36677547 2 90  1 18667730 116.80166 40.34838
5210 34543369 1 308 70 1 283939 116.2316 39.89122
5211 36276431 2 0  1 19609748 116.37827 39.90166
5212 30568130 1 274 60 1 14751802 116.56351 40.14607
5213 36362147 2 354  1 807423 116.60689 40.11589
5214 62242212 7 259  1 680232 116.4225 39.94964
5215 46877239 1 213 70 1 88653262 116.64928 40.30669
5216 36276432 5 91  1 631349 116.39152 39.9018
5217 60982131 1 85 50 1 55316351 116.52347 39.65733
5218 36677549 2 2  1 342078 116.85885 40.37586
5219 32929656 1 268 70 1 784827 116.72723 40.13415
5220 36281929 22 171  1 54376938 117.12321 40.14472
5221 36744967 2 350  1 71713164 116.64538 40.02515
5222 36362148 2 276  1 72286736 116.58299 40.1164
5223 62242213 2 254  1 704020 116.469 39.95166
5224 36276433 5 265  1 615510 116.40643 39.9024
5225 34765241 7 88  1 620477 116.40404 39.87172
5226 32929657 1 87 70 1 784828 116.72721 40.13403
5227 36285070 2 337  1 586544 116.68381 40.40294
5228 36677550 2 72  1 28216463 116.89796 40.39367
5229 35408325 23 70  1 407634 116.31702 39.96524
5230 60982132 1 267 50 1 55316351 116.52345 39.65733
5231 36470776 2 87  1 71369235 116.84272 40.17189
5232 31150234 1 271 60 1 54342214 116.18904 39.75082
5233 40529661 1 263 100 1 298425 116.79135 39.9421
5234 36276434 2 268  1 71969825 116.46327 40.00853
5235 36362149 2 19  1 40385337 116.55398 40.13044
5236 32929658 1 221 60 1 49860025 116.71783 40.15866
5237 62242214 2 88  1 591257 116.38653 39.9978
5238 46877245 1 339 100 1 19938093 116.656 40.32525
5239 36677551 2 171  1 325610 116.85888 40.38396
5240 60988093 22 270  3 571325 116.43918 39.91559
5241 30843035 1 33 50 1 54288781 116.59818 39.57753
5242 36362150 2 82  1 19693388 116.5871 40.11654
5243 32929659 1 22 80 1 17765877 116.49902 39.50103
5244 36677552 2 68  1 18667839 116.86118 40.36951
5245 34765243 8 179  1 622493 116.42073 39.88309
5246 46877246 1 335 60 1 88653286 116.654 40.32912
5247 60988094 8 183  1 627032 116.39468 39.89474
5248 30575118 23 180  1 14899647 116.48942 39.887
5249 36362151 2 173  1 808961 116.60681 40.11654
5250 30472184 1 358 50 1 14190317 116.36106 39.96547
5251 36276435 2 178  1 19613252 116.46276 40.00874
5252 32929660 1 31 120 1 17765875 116.49599 39.49499
5253 62357434 2 82  1 22642854 116.75383 39.58727
5254 34765244 8 270  1 30016277 116.42287 39.88401
5255 36677553 2 248  1 61078653 116.87342 40.37457
5256 46877247 1 155 60 1 88653289 116.65385 40.32912
5257 62242216 2 305  1 40416662 116.49012 39.97224
5258 30654092 1 141 100 1 14913962 115.40914 39.74972
5259 60988096 18 0  1 87880960 116.46122 39.87632
5260 34765245 8 358  1 15812234 116.42115 39.87973
5261 36362152 2 342  1 524300 116.65646 39.89541
5262 36276436 2 185  1 31909750 116.45729 39.99314
5263 36677554 2 187  1 61078522 116.83475 40.37806
5264 46877248 1 155 100 1 49859623 116.65389 40.32986
5265 61999014 2 176  1 578169 116.24053 40.21313
5266 32929661 1 43 120 1 88733386 116.48489 39.48151
5267 60988097 18 180  1 14641304 116.46105 39.87607
5268 30838330 1 76 60 1 41917135 115.81087 40.33367
5269 36677555 2 176  1 328272 116.866 40.38
5270 36277344 1 72 70 1 18667325 116.47344 39.69184
5271 46877249 1 334 100 1 19938094 116.65406 40.32989
5272 36362153 2 267  1 525822 116.67355 39.90023
5273 30842054 1 351 40 1 88739610 116.5881 40.09125
5274 60988098 22 270  1 87729152 116.44766 39.90728
5275 32929693 1 340 60 1 20152669 116.8196 39.60531
5276 34765247 8 358  1 635994 116.4213 39.87601
5277 46877250 1 88 70 1 294678 116.69793 40.328
5278 36677556 2 90  1 332277 116.85873 40.38374
5279 30842055 1 173 40 1 88739611 116.58805 40.09043
5280 36362154 2 77  1 87948512 116.68487 39.91295
5281 62242218 5 270  1 691880 116.40853 39.93429
5282 46877251 1 267 70 1 88653303 116.72725 40.32869
5283 60988099 22 270  1 87729155 116.44752 39.90728
5284 30842056 1 84 40 1 88739606 116.58704 40.08931
5285 32929694 1 160 60 1 20152669 116.8196 39.6053
5286 34765248 8 177  1 15812236 116.42152 39.86661
5287 36277346 1 332 40 1 9000001243567 116.35172 39.70431
5288 36362155 8 283  1 87948445 116.68553 39.87241
5289 62242219 8 7  1 676189 116.3801 39.96363
5290 36677557 2 256  1 337318 116.85022 40.3653
5291 46877252 1 87 70 1 88653304 116.72722 40.32857
5292 32931595 1 85 90 1 711203 116.2875 40.01341
5293 30928109 1 102 50 1 18815661 117.03866 39.71434
5294 30842057 1 265 40 1 61675965 116.58649 40.08939
5295 36362156 8 103  1 87948447 116.6855 39.87232
5296 36677558 2 67  1 18667996 116.87058 40.37328
5297 34765249 8 267  1 630468 116.4302 39.88423
5298 32931597 1 320 50 1 429321 116.26353 39.97234
5299 62242220 2 123  1 581613 116.48386 39.97641
5300 30842059 1 171 50 1 88739604 116.58173 40.08526
5301 36362157 2 104  1 522687 116.71214 39.86533
5302 36677559 1 22 40 1 61078342 116.84554 40.3609
5303 46877253 1 289 40 1 88653331 116.72145 40.28584
5304 60988101 22 270  1 14165526 116.44596 39.90727
5305 36278695 2 245  1 70619082 116.40204 39.75254
5306 32931598 1 320 60 1 410144 116.26345 39.97228
5307 36677560 2 62  1 338994 116.84355 40.35132
5308 30842063 1 206 70 1 790192 116.58761 40.10672
5309 46877254 1 110 30 1 88653330 116.72145 40.28584
5310 62242221 22 176  1 683130 116.38716 39.99407
5311 34765252 8 271  1 87729059 116.45897 39.89358
5312 36362158 2 104  1 70619076 116.72081 39.86309
5313 60988102 22 267  1 625112 116.46024 39.90445
5314 36677561 2 90  1 18667753 116.80679 40.35063
5315 30998081 1 230 50 1 41917018 115.86914 40.35617
5316 30842066 1 269 70 1 284480 116.18901 39.90748
5317 32931599 1 139 60 1 404946 116.26338 39.97223
5318 46923176 1 32 60 1 87913715 116.53138 40.03744
5319 36677562 2 15  1 60924277 116.84888 40.4003
5320 60988103 22 90  1 621697 116.45817 39.9066
5321 30842067 1 89 40 1 284464 116.18897 39.90731
5322 36362159 2 285  1 70619080 116.7213 39.86305
5323 60944236 6 90  1 49095455 116.24677 39.90734
5324 34765253 1 271 70 1 87729059 116.45897 39.89358
5325 36279054 2 269  1 516696 116.64092 39.8924
5326 32931600 1 8 60 1 415391 116.27605 39.95357
5327 62242222 7 22  1 576182 116.43434 39.93059
5328 36677563 2 245  1 1892899 117.26431 40.20602
5329 30929070 1 272 60 1 88702629 116.77582 40.21124
5330 34765254 8 91  1 634220 116.45217 39.88451
5331 30842068 1 271 70 1 272573 116.21421 39.90749
5332 36362160 2 90  1 530622 116.65731 39.86915
5333 62046872 2 343  1 40385483 116.63555 40.05709
5334 46878106 1 99 40 1 87614032 116.56894 41.01974
5335 62242223 7 176  1 40248674 116.43415 39.92898
5336 60988106 1 90 70 1 32246161 116.47201 39.9082
5337 30842069 1 90 40 1 278205 116.21421 39.90734
5338 32931601 1 9 80 1 407157 116.27582 39.95359
5339 36362161 2 18  1 49993836 116.66492 39.87511
5340 36314902 18 320  3 14914053 115.42507 39.73081
5341 34765255 1 4 50 1 629628 116.46134 39.87306
5342 36281915 2 269  1 532394 117.11165 40.13702
5343 36677564 2 89  1 332296 116.86226 40.37617
5344 60988107 1 91 50 1 559303 116.47201 39.9081
5345 46882101 1 90 40 1 87767201 116.31142 39.95692
5346 62242224 2 89  1 677106 116.38274 39.94871
5347 36362162 22 269  1 50061773 116.64486 39.88525
5348 30842070 1 90 60 1 61034483 116.21331 39.90379
5349 36677565 2 250  1 61078355 116.84534 40.35959
5350 36281916 2 0  1 532384 117.11877 40.16212
5351 30928110 1 265 60 1 242503 117.06098 39.71566
5352 36362163 22 88  1 50061758 116.6447 39.88512
5353 32931602 1 189 80 1 369727 116.27558 39.9536
5354 36677566 2 60  1 54896982 116.81592 40.34662
5355 46882102 1 268 40 1 13884510 116.31142 39.95692
5356 34765289 8 1  1 29774044 116.37133 39.8482
5357 30842071 1 90 70 1 49095455 116.24678 39.90734
5358 36362164 5 169  1 524347 116.64951 39.90462
5359 36677567 2 359  1 317843 116.82124 40.35988
5360 46882104 1 272 70 1 60395013 116.31717 39.92388
5361 60988109 1 270 50 1 632250 116.472 39.90852
5362 34765290 1 0 60 1 453877 116.35915 39.83456
5363 36281917 2 270  1 86592293 117.11885 40.16229
5364 30842072 1 196 60 1 49965773 116.23751 39.85416
5365 36362165 2 138  1 87824460 116.68591 39.88311
5366 46882106 1 90 70 1 87767219 116.31725 39.92375
5367 62326882 2 279  1 15828207 116.18205 39.8622
5368 30842073 1 16 60 1 86012398 116.23823 39.8541
5369 36677568 1 342 70 1 14594560 116.83991 40.46966
5370 60988110 18 3  1 554354 116.46157 39.8953
5371 34765291 1 181 60 1 453880 116.35902 39.83425
5372 36281918 2 181  1 521395 117.12296 40.14986
5373 46882107 1 173 70 1 87767222 116.32271 39.96062
5374 30842074 1 356 60 1 577292 116.4138 40.0618
5375 62242242 2 82  1 796192 116.5366 40.09907
5376 36362166 2 350  1 61137028 116.67156 39.89204
5377 36749044 2 85  1 72516739 116.16053 39.80136
5378 46882108 1 354 70 1 87767220 116.32287 39.96062
5379 36281919 2 89  1 425340 117.18629 40.14572
5380 60988111 8 267  1 636033 116.43654 39.88439
5381 30842075 1 354 70 1 577314 116.41366 40.0618
5382 36677570 2 145  1 18667856 116.86102 40.37023
5383 36362167 2 89  1 32246823 116.66902 39.90005
5384 32931607 8 272  1 71193102 116.2793 39.94662
5385 36281920 2 257  1 86830545 117.22494 40.14931
5386 36677571 2 248  1 86444018 116.86176 40.36983
5387 36627710 2 279  1 516906 117.10595 40.14018
5388 62242228 2 87  1 672237 116.4159 39.94912
5389 30842076 1 175 70 1 577053 116.41334 40.06179
5390 46882109 1 252 50 1 87767225 116.31192 39.9639
5391 34777217 1 351 50 1 237642 116.38302 39.66519
5392 62242229 1 179 30 1 568849 116.43351 39.94668
5393 32931608 8 265  1 70040571 116.28538 39.94646
5394 60988112 22 181  1 626522 116.45018 39.9101
5395 36362361 22 342  1 84961394 116.64088 40.13236
5396 36362168 2 90  1 61801135 116.63856 39.87341
5397 36677572 2 146  1 319110 116.86305 40.36724
5398 34777218 1 181 50 1 55316744 116.57592 39.62467
5399 62242230 7 277  1 574794 116.40051 39.9491
5400 36362169 22 180  1 19688661 116.63658 39.90432
5401 36281921 1 182 40 1 532385 117.11867 40.15846
5402 46882110 18 252  1 87767226 116.31194 39.96382
5403 34777219 1 1 50 1 55316744 116.57592 39.62467
5404 36281922 2 270  1 538357 117.11109 40.15029
5405 32931610 8 359  1 60394967 116.29594 39.95139
5406 36677573 2 65  1 61078348 116.86306 40.36682
